     0/199    0.296G      2.36      11.8     0.762      54.4      39.5        34       128         0         0         0         0         0         0         0
     1/199    0.365G      2.13       6.9     0.525      35.1      25.6        34       128         0         0         0         0         0         0         0
     2/199    0.365G      2.05      5.51     0.444      8.88     0.881        34       128         0         0         0         0         0         0         0
     3/199    0.365G      1.96      4.87     0.422      7.64     0.389        34       128         0         0         0         0         0         0         0
     4/199    0.365G      1.89      4.77     0.414      7.37     0.295        34       128         0         0         0         0         0         0         0
     5/199    0.365G      1.82      4.67     0.406      7.13     0.239        34       128         0         0         0         0         0         0         0
     6/199    0.365G      1.75      4.57     0.399       6.9     0.183        34       128         0         0         0         0         0         0         0
     7/199    0.365G      1.69      4.47     0.393      6.69     0.146        34       128         0         0         0         0         0         0         0
     8/199    0.365G      1.62      4.37     0.386      6.51     0.131        34       128         0         0         0         0         0         0         0
     9/199    0.365G      1.55       4.3      0.38      6.35     0.122        34       128         0         0         0         0         0         0         0
    10/199    0.365G      1.48      4.21     0.374      6.19     0.115        34       128         0         0         0         0         0         0         0
    11/199    0.365G      1.42      4.13     0.369      6.01    0.0969        34       128         0         0         0         0         0         0         0
    12/199    0.365G      1.36      4.03     0.363      5.84    0.0939        34       128         0         0         0         0         0         0         0
    13/199    0.365G      1.29      3.91     0.358      5.67     0.107        34       128         0         0         0         0         0         0         0
    14/199    0.365G      1.23      3.82     0.353      5.51    0.0966        34       128         0         0         0         0         0         0         0
    15/199    0.365G      1.17      3.74     0.347      5.36     0.096        34       128         0         0         0         0         0         0         0
    16/199    0.365G      1.12      3.67     0.343      5.24     0.101        34       128         0         0         0         0         0         0         0
    17/199    0.365G      1.07      3.61     0.337      5.11    0.0933        34       128         0         0         0         0         0         0         0
    18/199    0.365G      1.03      3.55     0.333      5.01    0.0904        34       128         0         0         0         0         0         0         0
    19/199    0.365G     0.985      3.49     0.328      4.89    0.0864        34       128         0         0         0         0         0         0         0
    20/199    0.365G     0.943      3.45     0.324      4.82     0.104        34       128         0         0         0         0         0         0         0
    21/199    0.365G     0.899      3.38     0.319      4.69    0.0892        34       128         0         0         0         0         0         0         0
    22/199    0.365G     0.858      3.33     0.315      4.59    0.0872        34       128         0         0         0         0         0         0         0
    23/199    0.365G     0.825      3.28      0.31       4.5    0.0856        34       128         0         0         0         0         0         0         0
    24/199    0.365G     0.792      3.22     0.306       4.4    0.0871        34       128         0         0         0         0         0         0         0
    25/199    0.365G     0.763      3.18     0.303      4.34    0.0916        34       128         0         0         0         0         0         0         0
    26/199    0.365G     0.735      3.12     0.298      4.24    0.0846        34       128         0         0         0         0         0         0         0
    27/199    0.365G     0.712      3.08     0.295      4.16    0.0794        34       128         0         0         0         0         0         0         0
    28/199    0.365G     0.683      3.02     0.291      4.08    0.0817        34       128         0         0         0         0         0         0         0
    29/199    0.365G     0.666      2.99     0.287      4.03     0.083        34       128         0         0         0         0         0         0         0
    30/199    0.365G     0.648      2.96     0.284      3.98    0.0886        34       128         0         0         0         0         0         0         0
    31/199    0.365G     0.626       2.9      0.28      3.88    0.0771        34       128         0         0         0         0         0         0         0
    32/199    0.365G     0.605      2.86     0.277      3.82    0.0781        34       128         0         0         0         0         0         0         0
    33/199    0.365G     0.589      2.81     0.273      3.75    0.0757        34       128         0         0         0         0         0         0         0
    34/199    0.365G     0.575      2.78      0.27       3.7    0.0801        34       128         0         0         0         0         0         0         0
    35/199    0.365G     0.564      2.75     0.267      3.67    0.0826        34       128         0         0         0         0         0         0         0
    36/199    0.365G     0.548      2.71     0.264       3.6    0.0756        34       128         0         0         0         0         0         0         0
    37/199    0.365G     0.534      2.66      0.26      3.53    0.0769        34       128         0         0         0         0         0         0         0
    38/199    0.365G     0.523      2.65     0.258       3.5    0.0746        34       128         0         0         0         0         0         0         0
    39/199    0.365G     0.513      2.62     0.255      3.45    0.0682        34       128         0         0         0         0         0         0         0
    40/199    0.365G     0.498      2.57     0.252      3.39    0.0693        34       128         0         0         0         0         0         0         0
    41/199    0.365G      0.49      2.54     0.249      3.35    0.0762        34       128         0         0         0         0         0         0         0
    42/199    0.365G     0.483      2.51     0.246       3.3    0.0643        34       128         0         0         0         0         0         0         0
    43/199    0.365G     0.474      2.48     0.243      3.26    0.0669        34       128         0         0         0         0         0         0         0
    44/199    0.365G     0.469      2.47     0.241      3.25    0.0734        34       128         0         0         0         0         0         0         0
    45/199    0.365G     0.464      2.46     0.239      3.23    0.0684        34       128         0         0         0         0         0         0         0
    46/199    0.365G     0.453      2.43     0.236      3.18    0.0629        34       128         0         0         0         0         0         0         0
    47/199    0.365G     0.439      2.36     0.233       3.1    0.0691        34       128         0         0         0         0         0         0         0
    48/199    0.365G     0.436      2.35     0.231      3.08    0.0688        34       128         0         0         0         0         0         0         0
    49/199    0.365G     0.431      2.34     0.229      3.06    0.0592        34       128         0         0         0         0         0         0         0
    50/199    0.365G     0.421       2.3     0.226      3.01    0.0632        34       128         0         0         0         0         0         0         0
    51/199    0.365G     0.424      2.31     0.225      3.02    0.0619        34       128         0         0         0         0         0         0         0
    52/199    0.365G     0.421       2.3     0.223         3    0.0628        34       128         0         0         0         0         0         0         0
    53/199    0.365G      0.41      2.26      0.22      2.95    0.0579        34       128         0         0         0         0         0         0         0
    54/199    0.365G     0.406      2.24     0.218      2.92    0.0618        34       128         0         0         0         0         0         0         0
    55/199    0.365G     0.396       2.2     0.216      2.88    0.0636        34       128         0         0         0         0         0         0         0
    56/199    0.365G     0.393      2.19     0.214      2.86    0.0633        34       128         0         0         0         0         0         0         0
    57/199    0.365G     0.389      2.18     0.212      2.83    0.0509        34       128         0         0         0         0         0         0         0
    58/199    0.365G     0.392      2.17     0.211      2.83    0.0521        34       128         0         0         0         0         0         0         0
    59/199    0.365G     0.382      2.14     0.208      2.79    0.0601        34       128         0         0         0         0         0         0         0
    60/199    0.365G     0.374      2.11     0.206      2.75    0.0631        34       128         0         0         0         0         0         0         0
    61/199    0.365G     0.366      2.06     0.204      2.68    0.0504        34       128         0         0         0         0         0         0         0
    62/199    0.365G     0.367      2.06     0.203      2.68    0.0455        34       128         0         0         0         0         0         0         0
    63/199    0.365G     0.367      2.08     0.202      2.71    0.0529        34       128         0         0         0         0         0         0         0
    64/199    0.365G     0.372      2.11     0.201      2.74    0.0552        34       128         0         0         0         0         0         0         0
    65/199    0.365G      0.36      2.05     0.198      2.66    0.0588        34       128         0         0         0         0         0         0         0
    66/199    0.365G     0.366      2.07     0.197      2.68    0.0505        34       128         0         0         0         0         0         0         0
    67/199    0.365G     0.359      2.04     0.196      2.65    0.0522        34       128         0         0         0         0         0         0         0
    68/199    0.365G     0.355      2.01     0.194       2.6    0.0476        34       128         0         0         0         0         0         0         0
    69/199    0.365G     0.349         2     0.192      2.59    0.0487        34       128         0         0         0         0         0         0         0
    70/199    0.365G      0.35      1.98     0.191      2.57    0.0462        34       128         0         0         0         0         0         0         0
    71/199    0.365G     0.341      1.95     0.189      2.53    0.0462        34       128         0         0         0         0         0         0         0
    72/199    0.365G     0.341      1.96     0.188      2.53    0.0454        34       128         0         0         0         0         0         0         0
    73/199    0.365G     0.332       1.9     0.186      2.47    0.0441        34       128         0         0         0         0         0         0         0
    74/199    0.365G     0.341      1.95     0.186      2.52    0.0464        34       128         0         0         0         0         0         0         0
    75/199    0.365G     0.331      1.91     0.184      2.48    0.0471        34       128         0         0         0         0         0         0         0
    76/199    0.365G     0.333      1.91     0.183      2.47    0.0431        34       128         0         0         0         0         0         0         0
    77/199    0.365G     0.328       1.9     0.182      2.45    0.0433        34       128         0         0         0         0         0         0         0
    78/199    0.365G     0.327      1.88      0.18      2.43    0.0463        34       128         0         0         0         0         0         0         0
    79/199    0.365G     0.323      1.87     0.179      2.41    0.0401        34       128         0         0         0         0         0         0         0
    80/199    0.365G     0.322      1.86     0.178      2.41    0.0436        34       128         0         0         0         0         0         0         0
    81/199    0.365G      0.33      1.89     0.178      2.45    0.0463        34       128         0         0         0         0         0         0         0
    82/199    0.365G     0.326       1.9     0.177      2.45    0.0445        34       128         0         0         0         0         0         0         0
    83/199    0.365G      0.32      1.85     0.175      2.39    0.0403        34       128         0         0         0         0         0         0         0
    84/199    0.365G     0.322      1.87     0.174      2.41    0.0479        34       128         0         0         0         0         0         0         0
    85/199    0.365G     0.312      1.83     0.173      2.36    0.0494        34       128         0         0         0         0         0         0         0
    86/199    0.365G     0.305      1.77     0.171      2.28    0.0347        34       128         0         0         0         0         0         0         0
    87/199    0.365G     0.302      1.75      0.17      2.25    0.0343        34       128         0         0         0         0         0         0         0
    88/199    0.365G     0.298      1.74     0.169      2.24    0.0334        34       128         0         0         0         0         0         0         0
    89/199    0.365G     0.301      1.76     0.169      2.27    0.0351        34       128         0         0         0         0         0         0         0
    90/199    0.365G     0.308      1.81     0.169      2.32    0.0348        34       128         0         0         0         0         0         0         0
    91/199    0.365G     0.303      1.78     0.167       2.3    0.0418        34       128         0         0         0         0         0         0         0
    92/199    0.365G     0.296      1.73     0.166      2.23    0.0349        34       128         0         0         0         0         0         0         0
    93/199    0.365G     0.293      1.72     0.165      2.21    0.0323        34       128         0         0         0         0         0         0         0
    94/199    0.365G     0.302      1.79     0.165      2.29    0.0343        34       128         0         0         0         0         0         0         0
    95/199    0.365G     0.295      1.73     0.164      2.22    0.0319        34       128         0         0         0         0         0         0         0
    96/199    0.365G     0.296      1.73     0.163      2.23    0.0373        34       128         0         0         0         0         0         0         0
    97/199    0.365G     0.285      1.68     0.162      2.16    0.0307        34       128         0         0         0         0         0         0         0
    98/199    0.365G     0.282      1.66      0.16      2.13    0.0288        34       128         0         0         0         0         0         0         0
    99/199    0.365G     0.275      1.64     0.159       2.1    0.0278        34       128         0         0         0         0         0         0         0
   100/199    0.365G     0.271      1.61     0.159      2.07    0.0242        34       128         0         0         0         0         0         0         0
   101/199    0.365G     0.281      1.67     0.159      2.14    0.0295        34       128         0         0         0         0         0         0         0
   102/199    0.365G     0.276      1.64     0.158       2.1    0.0269        34       128         0         0         0         0         0         0         0
   103/199    0.365G     0.274      1.64     0.157       2.1    0.0304        34       128         0         0         0         0         0         0         0
   104/199    0.365G     0.285      1.71     0.158      2.18    0.0319        34       128         0         0         0         0         0         0         0
   105/199    0.365G      0.28      1.67     0.156      2.13    0.0302        34       128         0         0         0         0         0         0         0
   106/199    0.365G     0.277      1.65     0.156      2.11    0.0289        34       128         0         0         0         0         0         0         0
   107/199    0.365G     0.275      1.63     0.155      2.09    0.0276        34       128         0         0         0         0         0         0         0
   108/199    0.365G     0.265      1.58     0.154      2.03     0.025        34       128         0         0         0         0         0         0         0
   109/199    0.365G     0.267       1.6     0.153      2.05    0.0274        34       128         0         0         0         0         0         0         0
   110/199    0.365G     0.264      1.58     0.152      2.02    0.0259        34       128         0         0         0         0         0         0         0
   111/199    0.365G     0.261      1.58     0.152      2.01    0.0258        34       128         0         0         0         0         0         0         0
   112/199    0.365G     0.265      1.59     0.152      2.04    0.0273        34       128         0         0         0         0         0         0         0
   113/199    0.365G     0.264      1.59     0.151      2.03    0.0256        34       128         0         0         0         0         0         0         0
   114/199    0.365G     0.258      1.58     0.151      2.01    0.0224        34       128         0         0         0         0         0         0         0
   115/199    0.365G     0.255      1.54      0.15      1.96    0.0214        34       128         0         0         0         0         0         0         0
   116/199    0.365G     0.243      1.49     0.149       1.9    0.0186        34       128         0         0         0         0         0         0         0
   117/199    0.365G     0.236      1.46     0.148      1.86    0.0169        34       128         0         0         0         0         0         0         0
   118/199    0.365G     0.234      1.45     0.147      1.85    0.0171        34       128         0         0         0         0         0         0         0
   119/199    0.365G     0.232      1.45     0.147      1.84    0.0163        34       128         0         0         0         0         0         0         0
   120/199    0.365G     0.226      1.43     0.146      1.82    0.0175        34       128         0         0         0         0         0         0         0
   121/199    0.365G     0.224      1.42     0.146      1.81    0.0164        34       128         0         0         0         0         0         0         0
   122/199    0.365G     0.218       1.4     0.145      1.78    0.0144        34       128         0         0         0         0         0         0         0
   123/199    0.365G     0.214      1.39     0.145      1.76    0.0125        34       128         0         0         0         0         0         0         0
   124/199    0.365G     0.212      1.38     0.145      1.75    0.0134        34       128         0         0         0         0         0         0         0
   125/199    0.365G     0.207      1.36     0.144      1.73    0.0128        34       128         0         0         0         0         0         0         0
   126/199    0.365G     0.204      1.36     0.144      1.72    0.0128        34       128         0         0         0         0         0         0         0
   127/199    0.365G     0.202      1.34     0.143       1.7    0.0124        34       128         0         0         0         0         0         0         0
   128/199    0.365G     0.202      1.34     0.143       1.7    0.0129        34       128         0         0         0         0         0         0         0
   129/199    0.365G     0.198      1.33     0.142      1.69    0.0114        34       128         0         0         0         0         0         0         0
   130/199    0.365G     0.195      1.32     0.142      1.67    0.0105        34       128         0         0         0         0         0         0         0
   131/199    0.365G     0.193      1.32     0.142      1.66    0.0108        34       128         0         0         0         0         0         0         0
   132/199    0.365G     0.195      1.32     0.142      1.67    0.0106        34       128         0         0         0         0         0         0         0
   133/199    0.365G      0.19      1.31     0.141      1.65    0.0108        34       128         0         0         0         0         0         0         0
   134/199    0.365G     0.188       1.3     0.141      1.64    0.0104        34       128         0         0         0         0         0         0         0
   135/199    0.365G     0.184      1.29      0.14      1.62   0.00908        34       128         0         0         0         0         0         0         0
   136/199    0.365G     0.184      1.29      0.14      1.62    0.0101        34       128         0         0         0         0         0         0         0
   137/199    0.365G     0.182      1.28      0.14      1.61   0.00965        34       128         0         0         0         0         0         0         0
   138/199    0.365G     0.179      1.27      0.14       1.6   0.00877        34       128         0         0         0         0         0         0         0
   139/199    0.365G     0.179      1.27     0.139      1.59   0.00879        34       128         0         0         0         0         0         0         0
   140/199    0.365G     0.178      1.26     0.139      1.59    0.0088        34       128         0         0         0         0         0         0         0
   141/199    0.365G     0.177      1.26     0.139      1.58   0.00954        34       128         0         0         0         0         0         0         0
   142/199    0.365G     0.174      1.26     0.139      1.58   0.00788        34       128         0         0         0         0         0         0         0
   143/199    0.365G     0.171      1.24     0.138      1.56   0.00822        34       128         0         0         0         0         0         0         0
   144/199    0.365G     0.172      1.24     0.138      1.56    0.0077        34       128         0         0         0         0         0         0         0
   145/199    0.365G     0.172      1.24     0.138      1.56    0.0079        34       128         0         0         0         0         0         0         0
   146/199    0.365G     0.169      1.24     0.138      1.55   0.00769        34       128         0         0         0         0         0         0         0
   147/199    0.365G      0.17      1.24     0.137      1.55    0.0081        34       128         0         0         0         0         0         0         0
   148/199    0.365G     0.165      1.22     0.137      1.53   0.00702        34       128         0         0         0         0         0         0         0
   149/199    0.365G     0.163      1.21     0.137      1.52   0.00685        34       128         0         0         0         0         0         0         0
   150/199    0.365G     0.164      1.22     0.137      1.53   0.00675        34       128         0         0         0         0         0         0         0
   151/199    0.365G      0.16      1.21     0.136      1.51   0.00646        34       128         0         0         0         0         0         0         0
   152/199    0.365G     0.161      1.21     0.137      1.51   0.00703        34       128         0         0         0         0         0         0         0
   153/199    0.365G     0.161       1.2     0.136       1.5   0.00611        34       128         0         0         0         0         0         0         0
   154/199    0.365G     0.158      1.19     0.136      1.49   0.00596        34       128         0         0         0         0         0         0         0
   155/199    0.365G     0.157      1.19     0.136      1.49   0.00642        34       128         0         0         0         0         0         0         0
   156/199    0.365G     0.154      1.18     0.136      1.48   0.00507        34       128         0         0         0         0         0         0         0
   157/199    0.365G     0.154      1.18     0.135      1.48   0.00615        34       128         0         0         0         0         0         0         0
   158/199    0.365G     0.154      1.18     0.135      1.47   0.00519        34       128         0         0         0         0         0         0         0
   159/199    0.365G     0.151      1.17     0.135      1.46   0.00566        34       128         0         0         0         0         0         0         0
   160/199    0.365G     0.149      1.17     0.135      1.46   0.00513        34       128         0         0         0         0         0         0         0
   161/199    0.365G     0.148      1.16     0.135      1.45   0.00514        34       128         0         0         0         0         0         0         0
   162/199    0.365G     0.148      1.16     0.135      1.45   0.00509        34       128         0         0         0         0         0         0         0
   163/199    0.365G     0.146      1.16     0.135      1.44   0.00487        34       128         0         0         0         0         0         0         0
   164/199    0.365G     0.144      1.15     0.134      1.43    0.0047        34       128         0         0         0         0         0         0         0
   165/199    0.365G     0.145      1.15     0.134      1.43   0.00505        34       128         0         0         0         0         0         0         0
   166/199    0.365G     0.147      1.15     0.134      1.44   0.00457        34       128         0         0         0         0         0         0         0
   167/199    0.365G     0.144      1.14     0.134      1.43   0.00462        34       128         0         0         0         0         0         0         0
   168/199    0.365G     0.143      1.14     0.134      1.42   0.00414        34       128         0         0         0         0         0         0         0
   169/199    0.365G      0.14      1.13     0.134      1.41   0.00462        34       128         0         0         0         0         0         0         0
   170/199    0.365G      0.14      1.13     0.134      1.41    0.0042        34       128         0         0         0         0         0         0         0
   171/199    0.365G      0.14      1.13     0.134       1.4   0.00394        34       128         0         0         0         0         0         0         0
   172/199    0.365G     0.139      1.13     0.133       1.4   0.00397        34       128         0         0         0         0         0         0         0
   173/199    0.365G     0.138      1.12     0.133       1.4   0.00397        34       128         0         0         0         0         0         0         0
   174/199    0.365G     0.137      1.12     0.134       1.4   0.00387        34       128         0         0         0         0         0         0         0
   175/199    0.365G     0.136      1.12     0.133      1.39     0.004        34       128         0         0         0         0         0         0         0
   176/199    0.365G     0.134      1.11     0.133      1.38   0.00379        34       128         0         0         0         0         0         0         0
   177/199    0.365G     0.134      1.11     0.133      1.38   0.00345        34       128         0         0         0         0         0         0         0
   178/199    0.365G     0.136      1.12     0.133      1.39    0.0034        34       128         0         0         0         0         0         0         0
   179/199    0.365G     0.132       1.1     0.133      1.37    0.0036        34       128         0         0         0         0         0         0         0
   180/199    0.365G      0.13       1.1     0.133      1.36   0.00358        34       128         0         0         0         0         0         0         0
   181/199    0.365G      0.13       1.1     0.133      1.37   0.00337        34       128         0         0         0         0         0         0         0
   182/199    0.365G     0.131       1.1     0.133      1.37   0.00301        34       128         0         0         0         0         0         0         0
   183/199    0.365G      0.13      1.09     0.133      1.36   0.00314        34       128         0         0         0         0         0         0         0
   184/199    0.365G     0.128      1.09     0.133      1.35   0.00315        34       128         0         0         0         0         0         0         0
   185/199    0.365G      0.13      1.09     0.133      1.36   0.00319        34       128         0         0         0         0         0         0         0
   186/199    0.365G     0.128      1.09     0.133      1.35   0.00304        34       128         0         0         0         0         0         0         0
   187/199    0.365G     0.128      1.09     0.133      1.35   0.00291        34       128         0         0         0         0         0         0         0
   188/199    0.365G     0.126      1.08     0.132      1.34   0.00286        34       128         0         0         0         0         0         0         0
   189/199    0.365G     0.127      1.08     0.132      1.34   0.00294        34       128         0         0         0         0         0         0         0
   190/199    0.365G     0.126      1.08     0.132      1.34   0.00293        34       128         0         0         0         0         0         0         0
   191/199    0.365G     0.126      1.08     0.132      1.34   0.00297        34       128         0         0         0         0         0         0         0
   192/199    0.365G     0.126      1.08     0.132      1.34   0.00265        34       128         0         0         0         0         0         0         0
   193/199    0.365G     0.125      1.08     0.132      1.34   0.00272        34       128         0         0         0         0         0         0         0
   194/199    0.365G     0.124      1.07     0.132      1.33   0.00238        34       128         0         0         0         0         0         0         0
   195/199    0.365G     0.125      1.08     0.132      1.34   0.00286        34       128         0         0         0         0         0         0         0
   196/199    0.365G     0.124      1.07     0.132      1.33   0.00276        34       128         0         0         0         0         0         0         0
   197/199    0.365G     0.123      1.07     0.132      1.33   0.00261        34       128         0         0         0         0         0         0         0
   198/199    0.365G     0.124      1.07     0.132      1.33   0.00277        34       128         0         0         0         0         0         0         0
   199/200    0.294G     0.528      2.74     0.159      3.78     0.351        34       128         0         0         0         0         0         0         0
   200/399    0.294G     0.388      2.38     0.154      3.08     0.156        34       128         0         0         0         0         0         0         0
   201/399    0.363G      0.31      1.91     0.145      2.47     0.102        34       128         0         0         0         0         0         0         0
   202/399    0.363G     0.284      1.71     0.141      2.22    0.0815        34       128         0         0         0         0         0         0         0
   203/399    0.363G     0.266       1.6     0.139      2.07    0.0648        34       128         0         0         0         0         0         0         0
   204/399    0.363G     0.257      1.54     0.138         2    0.0631        34       128         0         0         0         0         0         0         0
   205/399    0.363G      0.25      1.51     0.137      1.95    0.0541        34       128         0         0         0         0         0         0         0
   206/399    0.363G     0.242      1.47     0.136      1.89    0.0442        34       128         0         0         0         0         0         0         0
   207/399    0.363G     0.243      1.48     0.136      1.91    0.0429        34       128         0         0         0         0         0         0         0
   208/399    0.363G     0.241      1.49     0.136       1.9     0.041        34       128         0         0         0         0         0         0         0
   209/399    0.363G     0.241      1.49     0.136      1.91    0.0388        34       128         0         0         0         0         0         0         0
   210/399    0.363G     0.234      1.44     0.135      1.84    0.0349        34       128         0         0         0         0         0         0         0
   211/399    0.363G      0.23      1.42     0.134      1.82    0.0318        34       128         0         0         0         0         0         0         0
   212/399    0.363G     0.229      1.42     0.134      1.82    0.0319        34       128         0         0         0         0         0         0         0
   213/399    0.363G     0.225      1.39     0.134      1.78    0.0293        34       128         0         0         0         0         0         0         0
   214/399    0.363G     0.223      1.39     0.133      1.77    0.0287        34       128         0         0         0         0         0         0         0
   215/399    0.363G     0.222      1.39     0.133      1.77      0.03        34       128         0         0         0         0         0         0         0
   216/399    0.363G      0.22       1.4     0.133      1.78    0.0284        34       128         0         0         0         0         0         0         0
   217/399    0.363G     0.216      1.37     0.133      1.75     0.026        34       128         0         0         0         0         0         0         0
   218/399    0.363G      0.21      1.34     0.132      1.71    0.0214        34       128         0         0         0         0         0         0         0
   219/399    0.363G     0.205      1.32     0.132      1.67    0.0195        34       128         0         0         0         0         0         0         0
   220/399    0.363G     0.201       1.3     0.131      1.66    0.0207        34       128         0         0         0         0         0         0         0
   221/399    0.363G     0.193      1.28     0.131      1.62    0.0176        34       128         0         0         0         0         0         0         0
   222/399    0.363G     0.192      1.27     0.131      1.61     0.016        34       128         0         0         0         0         0         0         0
   223/399    0.363G      0.19      1.27     0.131      1.61    0.0155        34       128         0         0         0         0         0         0         0
   224/399    0.363G     0.187      1.26     0.131       1.6    0.0145        34       128         0         0         0         0         0         0         0
   225/399    0.363G     0.182      1.25      0.13      1.58    0.0144        34       128         0         0         0         0         0         0         0
   226/399    0.363G     0.183      1.25      0.13      1.57    0.0135        34       128         0         0         0         0         0         0         0
   227/399    0.363G      0.18      1.24      0.13      1.56    0.0126        34       128         0         0         0         0         0         0         0
   228/399    0.363G     0.178      1.23      0.13      1.55    0.0127        34       128         0         0         0         0         0         0         0
   229/399    0.363G     0.175      1.22     0.129      1.54    0.0129        34       128         0         0         0         0         0         0         0
   230/399    0.363G     0.177      1.23      0.13      1.55    0.0128        34       128         0         0         0         0         0         0         0
   231/399    0.363G     0.173      1.22     0.129      1.53    0.0125        34       128         0         0         0         0         0         0         0
   232/399    0.363G     0.175      1.22     0.129      1.53    0.0115        34       128         0         0         0         0         0         0         0
   233/399    0.363G     0.173      1.21     0.129      1.53    0.0114        34       128         0         0         0         0         0         0         0
   234/399    0.363G     0.172      1.21     0.129      1.52    0.0119        34       128         0         0         0         0         0         0         0
   235/399    0.363G      0.17       1.2     0.128      1.51    0.0114        34       128         0         0         0         0         0         0         0
   236/399    0.363G     0.167      1.19     0.128       1.5    0.0112        34       128         0         0         0         0         0         0         0
   237/399    0.363G     0.168       1.2     0.128      1.51    0.0117        34       128         0         0         0         0         0         0         0
   238/399    0.363G     0.166      1.19     0.128      1.49    0.0109        34       128         0         0         0         0         0         0         0
   239/399    0.363G     0.166      1.19     0.128       1.5    0.0106        34       128         0         0         0         0         0         0         0
   240/399    0.363G     0.163      1.18     0.128      1.48      0.01        34       128         0         0         0         0         0         0         0
   241/399    0.363G     0.164      1.18     0.127      1.48   0.00963        34       128         0         0         0         0         0         0         0
   242/399    0.363G     0.163      1.18     0.127      1.48   0.00941        34       128         0         0         0         0         0         0         0
   243/399    0.363G     0.162      1.17     0.127      1.47    0.0099        34       128         0         0         0         0         0         0         0
   244/399    0.363G     0.158      1.16     0.127      1.45   0.00975        34       128         0         0         0         0         0         0         0
   245/399    0.363G      0.16      1.17     0.127      1.46    0.0097        34       128         0         0         0         0         0         0         0
   246/399    0.363G     0.158      1.16     0.127      1.45    0.0088        34       128         0         0         0         0         0         0         0
   247/399    0.363G     0.155      1.15     0.126      1.44   0.00948        34       128         0         0         0         0         0         0         0
   248/399    0.363G     0.157      1.15     0.126      1.45   0.00933        34       128         0         0         0         0         0         0         0
   249/399    0.363G     0.156      1.15     0.126      1.44   0.00932        34       128         0         0         0         0         0         0         0
   250/399    0.363G     0.155      1.15     0.126      1.44   0.00781        34       128         0         0         0         0         0         0         0
   251/399    0.363G     0.155      1.15     0.126      1.44   0.00763        34       128         0         0         0         0         0         0         0
   252/399    0.363G     0.154      1.14     0.126      1.43   0.00859        34       128         0         0         0         0         0         0         0
   253/399    0.363G     0.154      1.14     0.125      1.43   0.00816        34       128         0         0         0         0         0         0         0
   254/399    0.363G     0.151      1.14     0.125      1.42   0.00782        34       128         0         0         0         0         0         0         0
   255/399    0.363G     0.151      1.13     0.125      1.42   0.00838        34       128         0         0         0         0         0         0         0
   256/399    0.363G     0.151      1.13     0.125      1.42    0.0087        34       128         0         0         0         0         0         0         0
   257/399    0.363G      0.15      1.13     0.125      1.41    0.0073        34       128         0         0         0         0         0         0         0
   258/399    0.363G     0.147      1.12     0.125       1.4    0.0079        34       128         0         0         0         0         0         0         0
   259/399    0.363G     0.149      1.13     0.125      1.41   0.00832        34       128         0         0         0         0         0         0         0
   260/399    0.363G     0.146      1.12     0.125       1.4   0.00774        34       128         0         0         0         0         0         0         0
   261/399    0.363G     0.145      1.11     0.124      1.39    0.0075        34       128         0         0         0         0         0         0         0
   262/399    0.363G     0.147      1.12     0.124       1.4   0.00714        34       128         0         0         0         0         0         0         0
   263/399    0.363G     0.146      1.12     0.124      1.39   0.00739        34       128         0         0         0         0         0         0         0
   264/399    0.363G     0.145      1.11     0.124      1.39   0.00709        34       128         0         0         0         0         0         0         0
   265/399    0.363G     0.145      1.11     0.124      1.38   0.00742        34       128         0         0         0         0         0         0         0
   266/399    0.363G     0.147      1.12     0.124      1.39   0.00678        34       128         0         0         0         0         0         0         0
   267/399    0.363G     0.143       1.1     0.124      1.38   0.00738        34       128         0         0         0         0         0         0         0
   268/399    0.363G     0.141      1.09     0.123      1.36   0.00675        34       128         0         0         0         0         0         0         0
   269/399    0.363G      0.14      1.09     0.123      1.36   0.00751        34       128         0         0         0         0         0         0         0
   270/399    0.363G     0.142       1.1     0.123      1.37   0.00702        34       128         0         0         0         0         0         0         0
   271/399    0.363G     0.141      1.09     0.123      1.37   0.00734        34       128         0         0         0         0         0         0         0
   272/399    0.363G     0.141      1.09     0.123      1.36   0.00678        34       128         0         0         0         0         0         0         0
   273/399    0.363G     0.139      1.09     0.123      1.36    0.0064        34       128         0         0         0         0         0         0         0
   274/399    0.363G      0.15      1.13     0.123      1.41   0.00848        34       128         0         0         0         0         0         0         0
   275/399    0.363G     0.205      1.38     0.126      1.73     0.018        34       128         0         0         0         0         0         0         0
   276/399    0.363G     0.234      1.52     0.128      1.91    0.0212        34       128         0         0         0         0         0         0         0
   277/399    0.363G     0.226      1.47     0.127      1.84    0.0201        34       128         0         0         0         0         0         0         0
   278/399    0.363G      0.22      1.43     0.126      1.79    0.0199        34       128         0         0         0         0         0         0         0
   279/399    0.363G     0.205      1.34     0.124      1.68    0.0163        34       128         0         0         0         0         0         0         0
   280/399    0.363G     0.197       1.3     0.124      1.63    0.0154        34       128         0         0         0         0         0         0         0
   281/399    0.363G     0.195      1.29     0.123      1.62    0.0138        34       128         0         0         0         0         0         0         0
   282/399    0.363G     0.188      1.26     0.123      1.59    0.0131        34       128         0         0         0         0         0         0         0
   283/399    0.363G     0.192      1.28     0.123      1.61    0.0124        34       128         0         0         0         0         0         0         0
   284/399    0.363G     0.181      1.22     0.122      1.54    0.0114        34       128         0         0         0         0         0         0         0
   285/399    0.363G     0.178      1.21     0.122      1.52    0.0116        34       128         0         0         0         0         0         0         0
   286/399    0.363G     0.169      1.18     0.122      1.48   0.00877        34       128         0         0         0         0         0         0         0
   287/399    0.363G     0.162      1.15     0.122      1.44   0.00743        34       128         0         0         0         0         0         0         0
   288/399    0.363G     0.158      1.14     0.122      1.43   0.00732        34       128         0         0         0         0         0         0         0
   289/399    0.363G     0.155      1.13     0.121      1.41   0.00693        34       128         0         0         0         0         0         0         0
   290/399    0.363G     0.152      1.12     0.121       1.4   0.00727        34       128         0         0         0         0         0         0         0
   291/399    0.363G     0.151      1.12     0.121       1.4   0.00763        34       128         0         0         0         0         0         0         0
   292/399    0.363G     0.148      1.11     0.121      1.38   0.00633        34       128         0         0         0         0         0         0         0
   293/399    0.363G     0.145       1.1     0.121      1.37   0.00617        34       128         0         0         0         0         0         0         0
   294/399    0.363G     0.146       1.1     0.121      1.37   0.00593        34       128         0         0         0         0         0         0         0
   295/399    0.363G     0.145       1.1     0.121      1.37   0.00581        34       128         0         0         0         0         0         0         0
   296/399    0.363G     0.142      1.09     0.121      1.36   0.00622        34       128         0         0         0         0         0         0         0
   297/399    0.363G     0.141      1.09     0.121      1.35   0.00557        34       128         0         0         0         0         0         0         0
   298/399    0.363G     0.141      1.08     0.121      1.35   0.00559        34       128         0         0         0         0         0         0         0
   299/399    0.363G     0.139      1.08      0.12      1.34   0.00573        34       128         0         0         0         0         0         0         0
   300/399    0.363G     0.138      1.07      0.12      1.34    0.0054        34       128         0         0         0         0         0         0         0
   301/399    0.363G     0.137      1.07      0.12      1.33   0.00555        34       128         0         0         0         0         0         0         0
   302/399    0.363G     0.135      1.06      0.12      1.33   0.00547        34       128         0         0         0         0         0         0         0
   303/399    0.363G     0.135      1.06      0.12      1.32    0.0055        34       128         0         0         0         0         0         0         0
   304/399    0.363G     0.136      1.06      0.12      1.33   0.00524        34       128         0         0         0         0         0         0         0
   305/399    0.363G     0.132      1.05      0.12      1.31   0.00471        34       128         0         0         0         0         0         0         0
   306/399    0.363G     0.133      1.06      0.12      1.32   0.00485        34       128         0         0         0         0         0         0         0
   307/399    0.363G     0.131      1.05      0.12       1.3   0.00493        34       128         0         0         0         0         0         0         0
   308/399    0.363G     0.131      1.05      0.12       1.3   0.00483        34       128         0         0         0         0         0         0         0
   309/399    0.363G      0.13      1.05      0.12       1.3   0.00498        34       128         0         0         0         0         0         0         0
   310/399    0.363G     0.128      1.04     0.119      1.29    0.0046        34       128         0         0         0         0         0         0         0
   311/399    0.363G     0.128      1.04      0.12      1.29    0.0046        34       128         0         0         0         0         0         0         0
   312/399    0.363G     0.127      1.03     0.119      1.29   0.00466        34       128         0         0         0         0         0         0         0
   313/399    0.363G     0.128      1.04     0.119      1.29   0.00452        34       128         0         0         0         0         0         0         0
   314/399    0.363G     0.126      1.03     0.119      1.28   0.00424        34       128         0         0         0         0         0         0         0
   315/399    0.363G     0.126      1.03     0.119      1.28    0.0043        34       128         0         0         0         0         0         0         0
   316/399    0.363G     0.125      1.03     0.119      1.28   0.00451        34       128         0         0         0         0         0         0         0
   317/399    0.363G     0.125      1.03     0.119      1.27   0.00395        34       128         0         0         0         0         0         0         0
   318/399    0.363G     0.124      1.02     0.119      1.27   0.00419        34       128         0         0         0         0         0         0         0
   319/399    0.363G     0.124      1.02     0.119      1.27   0.00396        34       128         0         0         0         0         0         0         0
   320/399    0.363G     0.122      1.02     0.119      1.26     0.004        34       128         0         0         0         0         0         0         0
   321/399    0.363G     0.124      1.02     0.119      1.27   0.00415        34       128         0         0         0         0         0         0         0
   322/399    0.363G     0.123      1.02     0.119      1.27   0.00407        34       128         0         0         0         0         0         0         0
   323/399    0.363G     0.122      1.01     0.119      1.26   0.00375        34       128         0         0         0         0         0         0         0
   324/399    0.363G     0.123      1.02     0.119      1.27   0.00373        34       128         0         0         0         0         0         0         0
   325/399    0.363G     0.121      1.01     0.119      1.26   0.00376        34       128         0         0         0         0         0         0         0
   326/399    0.363G      0.12      1.01     0.119      1.25   0.00376        34       128         0         0         0         0         0         0         0
   327/399    0.363G     0.118      1.01     0.119      1.25   0.00386        34       128         0         0         0         0         0         0         0
   328/399    0.363G      0.12      1.01     0.119      1.25   0.00367        34       128         0         0         0         0         0         0         0
   329/399    0.363G     0.118         1     0.119      1.25   0.00358        34       128         0         0         0         0         0         0         0
   330/399    0.363G     0.119      1.01     0.119      1.25   0.00344        34       128         0         0         0         0         0         0         0
   331/399    0.363G     0.117         1     0.118      1.24   0.00364        34       128         0         0         0         0         0         0         0
   332/399    0.363G     0.118      1.01     0.119      1.25   0.00347        34       128         0         0         0         0         0         0         0
   333/399    0.363G     0.117         1     0.118      1.24   0.00357        34       128         0         0         0         0         0         0         0
   334/399    0.363G     0.116     0.997     0.118      1.24   0.00346        34       128         0         0         0         0         0         0         0
   335/399    0.363G     0.116     0.997     0.118      1.23   0.00312        34       128         0         0         0         0         0         0         0
   336/399    0.363G     0.114     0.988     0.118      1.22   0.00331        34       128         0         0         0         0         0         0         0
   337/399    0.363G     0.115     0.993     0.118      1.23   0.00359        34       128         0         0         0         0         0         0         0
   338/399    0.363G     0.114     0.986     0.118      1.22   0.00315        34       128         0         0         0         0         0         0         0
   339/399    0.363G     0.113     0.984     0.118      1.22   0.00322        34       128         0         0         0         0         0         0         0
   340/399    0.363G     0.113     0.981     0.118      1.21   0.00302        34       128         0         0         0         0         0         0         0
   341/399    0.363G     0.114     0.987     0.118      1.22   0.00303        34       128         0         0         0         0         0         0         0
   342/399    0.363G     0.112     0.984     0.118      1.22   0.00302        34       128         0         0         0         0         0         0         0
   343/399    0.363G     0.112     0.981     0.118      1.21   0.00316        34       128         0         0         0         0         0         0         0
   344/399    0.363G     0.113     0.985     0.118      1.22   0.00329        34       128         0         0         0         0         0         0         0
   345/399    0.363G     0.111     0.974     0.118      1.21   0.00303        34       128         0         0         0         0         0         0         0
   346/399    0.363G     0.112     0.978     0.118      1.21   0.00292        34       128         0         0         0         0         0         0         0
   347/399    0.363G     0.112     0.981     0.118      1.21   0.00296        34       128         0         0         0         0         0         0         0
   348/399    0.363G      0.11     0.976     0.118      1.21   0.00292        34       128         0         0         0         0         0         0         0
   349/399    0.363G      0.11     0.971     0.118       1.2   0.00293        34       128         0         0         0         0         0         0         0
   350/399    0.363G     0.111     0.974     0.118      1.21   0.00279        34       128         0         0         0         0         0         0         0
   351/399    0.363G     0.109      0.97     0.118       1.2    0.0029        34       128         0         0         0         0         0         0         0
   352/399    0.363G     0.108     0.971     0.118       1.2   0.00313        34       128         0         0         0         0         0         0         0
   353/399    0.363G     0.109     0.969     0.118       1.2   0.00267        34       128         0         0         0         0         0         0         0
   354/399    0.363G     0.108     0.967     0.118       1.2   0.00296        34       128         0         0         0         0         0         0         0
   355/399    0.363G     0.108     0.968     0.118       1.2   0.00307        34       128         0         0         0         0         0         0         0
   356/399    0.363G     0.108     0.967     0.118       1.2   0.00264        34       128         0         0         0         0         0         0         0
   357/399    0.363G     0.107     0.962     0.118      1.19   0.00274        34       128         0         0         0         0         0         0         0
   358/399    0.363G     0.108     0.965     0.117      1.19   0.00269        34       128         0         0         0         0         0         0         0
   359/399    0.363G     0.107     0.961     0.118      1.19   0.00284        34       128         0         0         0         0         0         0         0
   360/399    0.363G     0.107      0.96     0.117      1.19   0.00261        34       128         0         0         0         0         0         0         0
   361/399    0.363G     0.105     0.957     0.117      1.18   0.00254        34       128         0         0         0         0         0         0         0
   362/399    0.363G     0.105     0.957     0.117      1.18   0.00256        34       128         0         0         0         0         0         0         0
   363/399    0.363G     0.105     0.956     0.117      1.18   0.00266        34       128         0         0         0         0         0         0         0
   364/399    0.363G     0.105     0.952     0.117      1.18   0.00264        34       128         0         0         0         0         0         0         0
   365/399    0.363G     0.105     0.956     0.117      1.18   0.00278        34       128         0         0         0         0         0         0         0
   366/399    0.363G     0.106     0.959     0.117      1.18   0.00263        34       128         0         0         0         0         0         0         0
   367/399    0.363G     0.105     0.954     0.117      1.18   0.00246        34       128         0         0         0         0         0         0         0
   368/399    0.363G     0.104     0.954     0.117      1.18   0.00268        34       128         0         0         0         0         0         0         0
   369/399    0.363G     0.103     0.948     0.117      1.17   0.00259        34       128         0         0         0         0         0         0         0
   370/399    0.363G     0.103     0.949     0.117      1.17    0.0025        34       128         0         0         0         0         0         0         0
   371/399    0.363G     0.104     0.948     0.117      1.17   0.00229        34       128         0         0         0         0         0         0         0
   372/399    0.363G     0.105     0.951     0.117      1.18   0.00249        34       128         0         0         0         0         0         0         0
   373/399    0.363G     0.104     0.953     0.117      1.18   0.00236        34       128         0         0         0         0         0         0         0
   374/399    0.363G     0.103     0.951     0.117      1.17   0.00246        34       128         0         0         0         0         0         0         0
   375/399    0.363G     0.104     0.948     0.117      1.17   0.00236        34       128         0         0         0         0         0         0         0
   376/399    0.363G     0.103     0.943     0.117      1.16   0.00241        34       128         0         0         0         0         0         0         0
   377/399    0.363G     0.102     0.945     0.117      1.17   0.00231        34       128         0         0         0         0         0         0         0
   378/399    0.363G     0.103     0.952     0.117      1.18   0.00224        34       128         0         0         0         0         0         0         0
   379/399    0.363G     0.102     0.946     0.117      1.17   0.00259        34       128         0         0         0         0         0         0         0
   380/399    0.363G       0.1     0.938     0.117      1.16    0.0024        34       128         0         0         0         0         0         0         0
   381/399    0.363G     0.101     0.942     0.117      1.16   0.00247        34       128         0         0         0         0         0         0         0
   382/399    0.363G     0.103     0.944     0.117      1.17    0.0021        34       128         0         0         0         0         0         0         0
   383/399    0.363G     0.101     0.939     0.117      1.16   0.00231        34       128         0         0         0         0         0         0         0
   384/399    0.363G       0.1     0.941     0.117      1.16   0.00235        34       128         0         0         0         0         0         0         0
   385/399    0.363G       0.1     0.941     0.117      1.16    0.0024        34       128         0         0         0         0         0         0         0
   386/399    0.363G     0.101     0.941     0.117      1.16   0.00221        34       128         0         0         0         0         0         0         0
   387/399    0.363G    0.0995     0.939     0.117      1.16   0.00223        34       128         0         0         0         0         0         0         0
   388/399    0.363G     0.101     0.939     0.117      1.16   0.00208        34       128         0         0         0         0         0         0         0
   389/399    0.363G       0.1     0.936     0.117      1.15   0.00215        34       128         0         0         0         0         0         0         0
   390/399    0.363G    0.0991     0.936     0.117      1.15   0.00224        34       128         0         0         0         0         0         0         0
   391/399    0.363G    0.0992     0.937     0.117      1.16   0.00243        34       128         0         0         0         0         0         0         0
   392/399    0.363G    0.0995     0.937     0.117      1.16   0.00216        34       128         0         0         0         0         0         0         0
   393/399    0.363G    0.0997     0.935     0.117      1.15   0.00206        34       128         0         0         0         0         0         0         0
   394/399    0.363G    0.0993     0.935     0.117      1.15   0.00198        34       128         0         0         0         0         0         0         0
   395/399    0.363G    0.0996     0.937     0.117      1.16   0.00217        34       128         0         0         0         0         0         0         0
   396/399    0.363G    0.0989     0.933     0.117      1.15   0.00227        34       128         0         0         0         0         0         0         0
   397/399    0.363G     0.099     0.933     0.117      1.15   0.00205        34       128         0         0         0         0         0         0         0
   398/399    0.363G       0.1     0.939     0.117      1.16   0.00237        34       128         0         0         0         0         0         0         0
   399/399    0.363G    0.0994     0.932     0.117      1.15   0.00222        34       128         0         0         0         0         0         0         0
