     0/399    0.493G      2.42      11.9     0.747      23.5      8.44        53       128         0         0         0         0         0         0         0
     1/399    0.505G      2.07       6.8     0.522      10.4      1.04        53       128         0         0         0         0         0         0         0
     2/399    0.505G      1.93      5.51     0.438      8.29     0.411        53       128         0         0         0         0         0         0         0
     3/399    0.505G      1.85      4.92      0.42      7.43     0.243        53       128         0         0         0         0         0         0         0
     4/399    0.505G      1.79      4.79     0.412      7.16      0.17        53       128         0         0         0         0         0         0         0
     5/399    0.505G      1.74      4.66     0.406      6.94     0.138        53       128         0         0         0         0         0         0         0
     6/399    0.505G      1.69      4.54     0.399      6.73     0.102        53       128         0         0         0         0         0         0         0
     7/399    0.505G      1.64      4.44     0.393      6.56    0.0888        53       128         0         0         0         0         0         0         0
     8/399    0.505G      1.58      4.33     0.387      6.38    0.0766        53       128         0         0         0         0         0         0         0
     9/399    0.505G      1.53      4.23     0.381      6.21    0.0746        53       128         0         0         0         0         0         0         0
    10/399    0.505G      1.48      4.13     0.375      6.05    0.0674        53       128         0         0         0         0         0         0         0
    11/399    0.505G      1.43      4.03      0.37      5.89    0.0689        53       128         0         0         0         0         0         0         0
    12/399    0.505G      1.37      3.93     0.364      5.72    0.0586        53       128         0         0         0         0         0         0         0
    13/399    0.505G      1.31      3.88     0.359      5.62    0.0666        53       128         0         0         0         0         0         0         0
    14/399    0.505G      1.23      3.82     0.354      5.47    0.0682        53       128         0         0         0         0         0         0         0
    15/399    0.505G      1.15      3.75     0.349      5.31    0.0611        53       128         0         0         0         0         0         0         0
    16/399    0.505G      1.09      3.67     0.344      5.15    0.0588        53       128         0         0         0         0         0         0         0
    17/399    0.505G      1.02      3.58     0.339         5    0.0628        53       128         0         0         0         0         0         0         0
    18/399    0.505G     0.967      3.51     0.335      4.87    0.0594        53       128         0         0         0         0         0         0         0
    19/399    0.505G     0.918      3.45      0.33      4.75     0.058        53       128         0         0         0         0         0         0         0
    20/399    0.505G     0.873      3.37     0.325      4.63    0.0588        53       128         0         0         0         0         0         0         0
    21/399    0.505G     0.838      3.33     0.321      4.54    0.0559        53       128         0         0         0         0         0         0         0
    22/399    0.505G     0.794      3.25     0.317      4.42    0.0526        53       128         0         0         0         0         0         0         0
    23/399    0.505G     0.763      3.19     0.312      4.32    0.0589        53       128         0         0         0         0         0         0         0
    24/399    0.505G      0.73      3.13     0.308      4.23     0.059        53       128         0         0         0         0         0         0         0
    25/399    0.505G     0.702      3.08     0.304      4.14     0.053        53       128         0         0         0         0         0         0         0
    26/399    0.505G     0.674      3.01       0.3      4.04    0.0544        53       128         0         0         0         0         0         0         0
    27/399    0.505G     0.651      2.97     0.296      3.97    0.0505        53       128         0         0         0         0         0         0         0
    28/399    0.505G     0.627      2.91     0.292      3.88    0.0497        53       128         0         0         0         0         0         0         0
    29/399    0.505G     0.607      2.86     0.288      3.81    0.0525        53       128         0         0         0         0         0         0         0
    30/399    0.505G      0.59      2.82     0.285      3.75    0.0472        53       128         0         0         0         0         0         0         0
    31/399    0.505G     0.574      2.78     0.281      3.69    0.0499        53       128         0         0         0         0         0         0         0
    32/399    0.505G      0.56      2.76     0.278      3.65    0.0485        53       128         0         0         0         0         0         0         0
    33/399    0.505G     0.539      2.69     0.274      3.55    0.0479        53       128         0         0         0         0         0         0         0
    34/399    0.505G     0.527      2.66     0.271      3.51    0.0461        53       128         0         0         0         0         0         0         0
    35/399    0.505G     0.517      2.62     0.268      3.46    0.0457        53       128         0         0         0         0         0         0         0
    36/399    0.505G     0.501      2.59     0.265       3.4     0.048        53       128         0         0         0         0         0         0         0
    37/399    0.505G      0.49      2.55     0.261      3.35    0.0444        53       128         0         0         0         0         0         0         0
    38/399    0.505G     0.485      2.54     0.259      3.34    0.0505        53       128         0         0         0         0         0         0         0
    39/399    0.505G     0.471       2.5     0.255      3.27    0.0461        53       128         0         0         0         0         0         0         0
    40/399    0.505G     0.463      2.46     0.252      3.22    0.0419        53       128         0         0         0         0         0         0         0
    41/399    0.505G     0.454      2.45      0.25      3.21      0.05        53       128         0         0         0         0         0         0         0
    42/399    0.505G     0.445      2.42     0.247      3.15    0.0398        53       128         0         0         0         0         0         0         0
    43/399    0.505G     0.436      2.39     0.244      3.12     0.043        53       128         0         0         0         0         0         0         0
    44/399    0.505G      0.44      2.37     0.242      3.09    0.0414        53       128         0         0         0         0         0         0         0
    45/399    0.505G     0.421      2.33     0.239      3.03     0.042        53       128         0         0         0         0         0         0         0
    46/399    0.505G     0.415       2.3     0.236         3    0.0446        53       128         0         0         0         0         0         0         0
    47/399    0.505G     0.417      2.32     0.234      3.01    0.0436        53       128         0         0         0         0         0         0         0
    48/399    0.505G     0.409      2.27     0.231      2.95     0.041        53       128         0         0         0         0         0         0         0
    49/399    0.505G       0.4      2.25     0.229      2.92    0.0378        53       128         0         0         0         0         0         0         0
    50/399    0.505G     0.396      2.23     0.226      2.89    0.0391        53       128         0         0         0         0         0         0         0
    51/399    0.505G     0.394      2.22     0.224      2.88    0.0411        53       128         0         0         0         0         0         0         0
    52/399    0.505G     0.393      2.22     0.222      2.88     0.041        53       128         0         0         0         0         0         0         0
    53/399    0.505G     0.389      2.21      0.22      2.86    0.0406        53       128         0         0         0         0         0         0         0
    54/399    0.505G     0.383      2.17     0.217      2.81    0.0384        53       128         0         0         0         0         0         0         0
    55/399    0.505G     0.373      2.12     0.215      2.74    0.0359        53       128         0         0         0         0         0         0         0
    56/399    0.505G     0.376      2.12     0.213      2.75    0.0374        53       128         0         0         0         0         0         0         0
    57/399    0.505G     0.373      2.12     0.211      2.74     0.037        53       128         0         0         0         0         0         0         0
    58/399    0.505G     0.368       2.1     0.209      2.72    0.0395        53       128         0         0         0         0         0         0         0
    59/399    0.505G     0.363      2.09     0.207      2.69    0.0349        53       128         0         0         0         0         0         0         0
    60/399    0.505G      0.36      2.07     0.205      2.66    0.0345        53       128         0         0         0         0         0         0         0
    61/399    0.505G     0.366      2.08     0.203      2.69    0.0385        53       128         0         0         0         0         0         0         0
    62/399    0.505G     0.359      2.04     0.201      2.63    0.0326        53       128         0         0         0         0         0         0         0
    63/399    0.505G     0.355      2.06       0.2      2.65    0.0378        53       128         0         0         0         0         0         0         0
    64/399    0.505G     0.354      2.03     0.198      2.61    0.0354        53       128         0         0         0         0         0         0         0
    65/399    0.505G     0.349      1.99     0.195      2.56    0.0329        53       128         0         0         0         0         0         0         0
    66/399    0.505G     0.346      1.98     0.194      2.55     0.031        53       128         0         0         0         0         0         0         0
    67/399    0.505G     0.346      1.97     0.192      2.55    0.0404        53       128         0         0         0         0         0         0         0
    68/399    0.505G     0.347      1.99     0.191      2.57    0.0344        53       128         0         0         0         0         0         0         0
    69/399    0.505G     0.342      1.96     0.189      2.52    0.0312        53       128         0         0         0         0         0         0         0
    70/399    0.505G     0.341      1.99     0.188      2.55    0.0339        53       128         0         0         0         0         0         0         0
    71/399    0.505G      0.34      1.95     0.186      2.51    0.0356        53       128         0         0         0         0         0         0         0
    72/399    0.505G     0.336      1.91     0.184      2.47    0.0349        53       128         0         0         0         0         0         0         0
    73/399    0.505G     0.333      1.91     0.182      2.46    0.0326        53       128         0         0         0         0         0         0         0
    74/399    0.505G     0.331      1.89     0.181      2.44    0.0328        53       128         0         0         0         0         0         0         0
    75/399    0.505G     0.327      1.87     0.179      2.41    0.0292        53       128         0         0         0         0         0         0         0
    76/399    0.505G     0.325      1.86     0.178      2.39    0.0316        53       128         0         0         0         0         0         0         0
    77/399    0.505G     0.333       1.9     0.177      2.45    0.0416        53       128         0         0         0         0         0         0         0
    78/399    0.505G     0.322      1.84     0.175      2.37      0.03        53       128         0         0         0         0         0         0         0
    79/399    0.505G     0.327      1.86     0.174       2.4    0.0317        53       128         0         0         0         0         0         0         0
    80/399    0.505G      0.33      1.89     0.173      2.42    0.0284        53       128         0         0         0         0         0         0         0
    81/399    0.505G     0.325      1.85     0.172      2.38    0.0309        53       128         0         0         0         0         0         0         0
    82/399    0.505G     0.321      1.83      0.17      2.35    0.0293        53       128         0         0         0         0         0         0         0
    83/399    0.505G     0.323      1.86     0.169      2.39    0.0303        53       128         0         0         0         0         0         0         0
    84/399    0.505G      0.32      1.83     0.168      2.35    0.0292        53       128         0         0         0         0         0         0         0
    85/399    0.505G     0.315      1.77     0.165      2.28    0.0306        53       128         0         0         0         0         0         0         0
    86/399    0.505G     0.316       1.8     0.165      2.32    0.0338        53       128         0         0         0         0         0         0         0
    87/399    0.505G     0.318      1.82     0.164      2.33    0.0364        53       128         0         0         0         0         0         0         0
    88/399    0.505G     0.315      1.79     0.162       2.3    0.0314        53       128         0         0         0         0         0         0         0
    89/399    0.505G     0.316       1.8     0.161      2.31    0.0291        53       128         0         0         0         0         0         0         0
    90/399    0.505G     0.315      1.79      0.16      2.29     0.031        53       128         0         0         0         0         0         0         0
    91/399    0.505G     0.309      1.76     0.159      2.25    0.0274        53       128         0         0         0         0         0         0         0
    92/399    0.505G     0.307      1.74     0.157      2.23    0.0299        53       128         0         0         0         0         0         0         0
    93/399    0.505G     0.307      1.75     0.157      2.24    0.0276        53       128         0         0         0         0         0         0         0
    94/399    0.505G     0.306      1.73     0.155      2.22    0.0282        53       128         0         0         0         0         0         0         0
    95/399    0.505G     0.308      1.77     0.155      2.26    0.0318        53       128         0         0         0         0         0         0         0
    96/399    0.505G      0.31      1.75     0.154      2.24     0.029        53       128         0         0         0         0         0         0         0
    97/399    0.505G     0.313      1.77     0.153      2.27    0.0326        53       128         0         0         0         0         0         0         0
    98/399    0.505G     0.305      1.73     0.151      2.21    0.0271        53       128         0         0         0         0         0         0         0
    99/399    0.505G     0.307      1.72      0.15       2.2    0.0276        53       128         0         0         0         0         0         0         0
   100/399    0.505G     0.303      1.71     0.149      2.19    0.0273        53       128         0         0         0         0         0         0         0
   101/399    0.505G     0.294      1.66     0.148      2.13    0.0249        53       128         0         0         0         0         0         0         0
   102/399    0.505G     0.298      1.68     0.147      2.16    0.0256        53       128         0         0         0         0         0         0         0
   103/399    0.505G     0.301      1.69     0.146      2.17    0.0291        53       128         0         0         0         0         0         0         0
   104/399    0.505G     0.303      1.71     0.146      2.19    0.0291        53       128         0         0         0         0         0         0         0
   105/399    0.505G     0.302       1.7     0.145      2.18    0.0285        53       128         0         0         0         0         0         0         0
   106/399    0.505G     0.294      1.66     0.143      2.12    0.0244        53       128         0         0         0         0         0         0         0
   107/399    0.505G     0.295      1.66     0.143      2.12    0.0268        53       128         0         0         0         0         0         0         0
   108/399    0.505G     0.294      1.67     0.142      2.13    0.0246        53       128         0         0         0         0         0         0         0
   109/399    0.505G     0.301       1.7     0.142      2.18    0.0287        53       128         0         0         0         0         0         0         0
   110/399    0.505G     0.299      1.68     0.141      2.15     0.028        53       128         0         0         0         0         0         0         0
   111/399    0.505G     0.287       1.6     0.138      2.05    0.0276        53       128         0         0         0         0         0         0         0
   112/399    0.505G     0.291      1.63     0.138      2.08    0.0266        53       128         0         0         0         0         0         0         0
   113/399    0.505G     0.298      1.67     0.138      2.13    0.0248        53       128         0         0         0         0         0         0         0
   114/399    0.505G     0.292      1.64     0.137      2.09    0.0257        53       128         0         0         0         0         0         0         0
   115/399    0.505G     0.293      1.63     0.136      2.09    0.0273        53       128         0         0         0         0         0         0         0
   116/399    0.505G     0.295      1.62     0.135      2.08    0.0259        53       128         0         0         0         0         0         0         0
   117/399    0.505G     0.293      1.64     0.135      2.09    0.0266        53       128         0         0         0         0         0         0         0
   118/399    0.505G     0.291      1.64     0.134      2.09    0.0263        53       128         0         0         0         0         0         0         0
   119/399    0.505G     0.292      1.67     0.134      2.12    0.0244        53       128         0         0         0         0         0         0         0
   120/399    0.505G     0.281      1.57     0.132         2    0.0229        53       128         0         0         0         0         0         0         0
   121/399    0.505G     0.289      1.59     0.131      2.04    0.0247        53       128         0         0         0         0         0         0         0
   122/399    0.505G     0.289      1.62     0.131      2.07    0.0266        53       128         0         0         0         0         0         0         0
   123/399    0.505G     0.285      1.59      0.13      2.03    0.0263        53       128         0         0         0         0         0         0         0
   124/399    0.505G     0.281      1.54     0.129      1.97     0.022        53       128         0         0         0         0         0         0         0
   125/399    0.505G     0.283      1.59     0.129      2.03    0.0258        53       128         0         0         0         0         0         0         0
   126/399    0.505G     0.281      1.56     0.128      1.99    0.0228        53       128         0         0         0         0         0         0         0
   127/399    0.505G     0.285      1.59     0.128      2.02    0.0226        53       128         0         0         0         0         0         0         0
   128/399    0.505G     0.284      1.56     0.127         2    0.0241        53       128         0         0         0         0         0         0         0
   129/399    0.505G      0.28      1.56     0.126      1.99    0.0247        53       128         0         0         0         0         0         0         0
   130/399    0.505G     0.281      1.57     0.126         2    0.0224        53       128         0         0         0         0         0         0         0
   131/399    0.505G     0.281       1.6     0.126      2.03    0.0227        53       128         0         0         0         0         0         0         0
   132/399    0.505G     0.275      1.53     0.124      1.95    0.0219        53       128         0         0         0         0         0         0         0
   133/399    0.505G      0.28      1.55     0.124      1.98     0.024        53       128         0         0         0         0         0         0         0
   134/399    0.505G     0.277      1.52     0.123      1.95    0.0231        53       128         0         0         0         0         0         0         0
   135/399    0.505G     0.279      1.51     0.122      1.94     0.021        53       128         0         0         0         0         0         0         0
   136/399    0.505G     0.276      1.51     0.121      1.93      0.02        53       128         0         0         0         0         0         0         0
   137/399    0.505G     0.274       1.5     0.121      1.92    0.0209        53       128         0         0         0         0         0         0         0
   138/399    0.505G     0.278      1.54     0.121      1.97    0.0242        53       128         0         0         0         0         0         0         0
   139/399    0.505G     0.266      1.46     0.119      1.87    0.0235        53       128         0         0         0         0         0         0         0
   140/399    0.505G     0.272       1.5     0.119      1.92    0.0225        53       128         0         0         0         0         0         0         0
   141/399    0.505G     0.277      1.54     0.119      1.96    0.0241        53       128         0         0         0         0         0         0         0
   142/399    0.505G     0.275      1.55     0.119      1.97     0.024        53       128         0         0         0         0         0         0         0
   143/399    0.505G     0.277      1.55     0.119      1.97    0.0238        53       128         0         0         0         0         0         0         0
   144/399    0.505G     0.272       1.5     0.117      1.91    0.0219        53       128         0         0         0         0         0         0         0
   145/399    0.505G     0.273      1.51     0.117      1.92    0.0211        53       128         0         0         0         0         0         0         0
   146/399    0.505G      0.27      1.48     0.116      1.89    0.0231        53       128         0         0         0         0         0         0         0
   147/399    0.505G     0.279      1.55     0.117      1.97    0.0226        53       128         0         0         0         0         0         0         0
   148/399    0.505G      0.27      1.48     0.115      1.88    0.0187        53       128         0         0         0         0         0         0         0
   149/399    0.505G     0.269      1.47     0.115      1.88    0.0206        53       128         0         0         0         0         0         0         0
   150/399    0.505G     0.268      1.44     0.113      1.84      0.02        53       128         0         0         0         0         0         0         0
   151/399    0.505G     0.266      1.46     0.113      1.85    0.0199        53       128         0         0         0         0         0         0         0
   152/399    0.505G     0.265      1.45     0.113      1.85    0.0185        53       128         0         0         0         0         0         0         0
   153/399    0.505G     0.272       1.5     0.113       1.9    0.0232        53       128         0         0         0         0         0         0         0
   154/399    0.505G     0.268      1.47     0.112      1.87    0.0225        53       128         0         0         0         0         0         0         0
   155/399    0.505G     0.266      1.46     0.112      1.86    0.0174        53       128         0         0         0         0         0         0         0
   156/399    0.505G     0.263      1.44     0.111      1.84    0.0196        53       128         0         0         0         0         0         0         0
   157/399    0.505G     0.263      1.45     0.111      1.84    0.0196        53       128         0         0         0         0         0         0         0
   158/399    0.505G     0.263      1.45      0.11      1.84      0.02        53       128         0         0         0         0         0         0         0
   159/399    0.505G     0.264      1.46      0.11      1.86    0.0204        53       128         0         0         0         0         0         0         0
   160/399    0.505G     0.262      1.44     0.109      1.83    0.0207        53       128         0         0         0         0         0         0         0
   161/399    0.505G     0.261      1.42     0.109      1.81    0.0196        53       128         0         0         0         0         0         0         0
   162/399    0.505G     0.263      1.44     0.109      1.84    0.0214        53       128         0         0         0         0         0         0         0
   163/399    0.505G     0.266      1.46     0.109      1.85     0.018        53       128         0         0         0         0         0         0         0
   164/399    0.505G     0.259      1.39     0.107      1.78    0.0176        53       128         0         0         0         0         0         0         0
   165/399    0.505G     0.268       1.5     0.109      1.89    0.0206        53       128         0         0         0         0         0         0         0
   166/399    0.505G     0.263      1.43     0.107      1.83    0.0212        53       128         0         0         0         0         0         0         0
   167/399    0.505G      0.26      1.42     0.107       1.8    0.0175        53       128         0         0         0         0         0         0         0
   168/399    0.505G     0.255      1.38     0.106      1.75    0.0156        53       128         0         0         0         0         0         0         0
   169/399    0.505G     0.253      1.38     0.106      1.76    0.0188        53       128         0         0         0         0         0         0         0
   170/399    0.505G     0.255      1.38     0.105      1.76    0.0177        53       128         0         0         0         0         0         0         0
   171/399    0.505G     0.259      1.43     0.106      1.81      0.02        53       128         0         0         0         0         0         0         0
   172/399    0.505G     0.258       1.4     0.105      1.79    0.0188        53       128         0         0         0         0         0         0         0
   173/399    0.505G     0.259      1.41     0.105      1.79    0.0173        53       128         0         0         0         0         0         0         0
   174/399    0.505G     0.264      1.45     0.105      1.84    0.0184        53       128         0         0         0         0         0         0         0
   175/399    0.505G     0.256      1.38     0.103      1.75    0.0186        53       128         0         0         0         0         0         0         0
   176/399    0.505G     0.257       1.4     0.103      1.78    0.0165        53       128         0         0         0         0         0         0         0
   177/399    0.505G     0.259      1.42     0.104       1.8    0.0189        53       128         0         0         0         0         0         0         0
   178/399    0.505G     0.249      1.35     0.102      1.71    0.0159        53       128         0         0         0         0         0         0         0
   179/399    0.505G     0.246      1.34     0.102       1.7    0.0155        53       128         0         0         0         0         0         0         0
   180/399    0.505G     0.248      1.34     0.102      1.71    0.0171        53       128         0         0         0         0         0         0         0
   181/399    0.505G     0.254      1.38     0.102      1.75    0.0165        53       128         0         0         0         0         0         0         0
   182/399    0.505G     0.251      1.36     0.101      1.73    0.0177        53       128         0         0         0         0         0         0         0
   183/399    0.505G     0.248      1.36     0.101      1.73    0.0161        53       128         0         0         0         0         0         0         0
   184/399    0.505G     0.249      1.34       0.1      1.71    0.0168        53       128         0         0         0         0         0         0         0
   185/399    0.505G     0.238      1.29    0.0994      1.64    0.0145        53       128         0         0         0         0         0         0         0
   186/399    0.505G     0.242      1.32    0.0995      1.67    0.0151        53       128         0         0         0         0         0         0         0
   187/399    0.505G     0.255      1.39       0.1      1.76    0.0178        53       128         0         0         0         0         0         0         0
   188/399    0.505G     0.258      1.41       0.1      1.79    0.0186        53       128         0         0         0         0         0         0         0
   189/399    0.505G     0.253      1.39    0.0997      1.76    0.0166        53       128         0         0         0         0         0         0         0
   190/399    0.505G     0.246      1.34    0.0987       1.7    0.0162        53       128         0         0         0         0         0         0         0
   191/399    0.505G     0.251      1.36     0.099      1.73    0.0161        53       128         0         0         0         0         0         0         0
   192/399    0.505G     0.252      1.37    0.0987      1.74    0.0159        53       128         0         0         0         0         0         0         0
   193/399    0.505G     0.247      1.35    0.0979       1.7    0.0147        53       128         0         0         0         0         0         0         0
   194/399    0.505G     0.241       1.3    0.0971      1.65    0.0139        53       128         0         0         0         0         0         0         0
   195/399    0.505G     0.241       1.3    0.0969      1.65    0.0132        53       128         0         0         0         0         0         0         0
   196/399    0.505G     0.241       1.3    0.0966      1.65    0.0144        53       128         0         0         0         0         0         0         0
   197/399    0.505G     0.237      1.28    0.0961      1.63     0.014        53       128         0         0         0         0         0         0         0
   198/399    0.505G     0.227      1.23    0.0951      1.56    0.0123        53       128         0         0         0         0         0         0         0
   199/399    0.505G     0.221      1.21    0.0947      1.53    0.0129        53       128         0         0         0         0         0         0         0
   200/399    0.505G     0.214      1.19    0.0944      1.51     0.011        53       128         0         0         0         0         0         0         0
   201/399    0.505G      0.21      1.17     0.094      1.48    0.0105        53       128         0         0         0         0         0         0         0
   202/399    0.505G     0.202      1.15    0.0937      1.45     0.011        53       128         0         0         0         0         0         0         0
   203/399    0.505G     0.197      1.13    0.0934      1.43   0.00948        53       128         0         0         0         0         0         0         0
   204/399    0.505G     0.192      1.11    0.0931      1.41    0.0097        53       128         0         0         0         0         0         0         0
   205/399    0.505G     0.192      1.11    0.0928       1.4   0.00985        53       128         0         0         0         0         0         0         0
   206/399    0.505G     0.187       1.1    0.0926      1.39    0.0107        53       128         0         0         0         0         0         0         0
   207/399    0.505G     0.183      1.09    0.0925      1.38    0.0103        53       128         0         0         0         0         0         0         0
   208/399    0.505G     0.181      1.08    0.0922      1.36   0.00971        53       128         0         0         0         0         0         0         0
   209/399    0.505G     0.179      1.07     0.092      1.36    0.0107        53       128         0         0         0         0         0         0         0
   210/399    0.505G     0.177      1.07    0.0917      1.35   0.00918        53       128         0         0         0         0         0         0         0
   211/399    0.505G     0.175      1.06    0.0915      1.34   0.00925        53       128         0         0         0         0         0         0         0
   212/399    0.505G     0.174      1.06    0.0913      1.33    0.0098        53       128         0         0         0         0         0         0         0
   213/399    0.505G     0.175      1.06    0.0911      1.34   0.00981        53       128         0         0         0         0         0         0         0
   214/399    0.505G     0.174      1.06     0.091      1.34    0.0102        53       128         0         0         0         0         0         0         0
   215/399    0.505G     0.175      1.06    0.0906      1.34    0.0101        53       128         0         0         0         0         0         0         0
   216/399    0.505G     0.169      1.04    0.0904      1.31    0.0103        53       128         0         0         0         0         0         0         0
   217/399    0.505G     0.168      1.04    0.0902      1.31   0.00907        53       128         0         0         0         0         0         0         0
   218/399    0.505G     0.167      1.04      0.09       1.3    0.0104        53       128         0         0         0         0         0         0         0
   219/399    0.505G     0.166      1.03    0.0898       1.3   0.00944        53       128         0         0         0         0         0         0         0
   220/399    0.505G     0.189      1.13    0.0908      1.43    0.0129        53       128         0         0         0         0         0         0         0
   221/399    0.505G     0.296       1.8       0.1      2.22    0.0291        53       128         0         0         0         0         0         0         0
   222/399    0.505G     0.284      1.67    0.0972      2.07    0.0242        53       128         0         0         0         0         0         0         0
   223/399    0.505G     0.265      1.49    0.0939      1.87    0.0182        53       128         0         0         0         0         0         0         0
   224/399    0.505G     0.253      1.41    0.0927      1.77    0.0162        53       128         0         0         0         0         0         0         0
   225/399    0.505G     0.251       1.4    0.0922      1.76     0.017        53       128         0         0         0         0         0         0         0
   226/399    0.505G     0.246      1.35    0.0912       1.7    0.0153        53       128         0         0         0         0         0         0         0
   227/399    0.505G     0.241      1.31    0.0904      1.66    0.0135        53       128         0         0         0         0         0         0         0
   228/399    0.505G     0.238      1.31    0.0904      1.65    0.0145        53       128         0         0         0         0         0         0         0
   229/399    0.505G     0.235      1.28    0.0899      1.62    0.0141        53       128         0         0         0         0         0         0         0
   230/399    0.505G     0.236      1.28    0.0904      1.62    0.0132        53       128         0         0         0         0         0         0         0
   231/399    0.505G     0.234      1.28    0.0894      1.61    0.0122        53       128         0         0         0         0         0         0         0
   232/399    0.505G     0.224      1.21    0.0884      1.53    0.0102        53       128         0         0         0         0         0         0         0
   233/399    0.505G     0.224      1.22    0.0885      1.54    0.0101        53       128         0         0         0         0         0         0         0
   234/399    0.505G     0.208      1.15    0.0875      1.45   0.00917        53       128         0         0         0         0         0         0         0
   235/399    0.505G     0.198      1.11     0.087       1.4   0.00926        53       128         0         0         0         0         0         0         0
   236/399    0.505G     0.191      1.09    0.0867      1.38   0.00788        53       128         0         0         0         0         0         0         0
   237/399    0.505G     0.186      1.08    0.0866      1.36   0.00745        53       128         0         0         0         0         0         0         0
   238/399    0.505G     0.184      1.07    0.0864      1.34   0.00775        53       128         0         0         0         0         0         0         0
   239/399    0.505G     0.181      1.05    0.0862      1.33   0.00792        53       128         0         0         0         0         0         0         0
   240/399    0.505G     0.172      1.03    0.0861       1.3   0.00778        53       128         0         0         0         0         0         0         0
   241/399    0.505G      0.17      1.03    0.0861      1.29   0.00715        53       128         0         0         0         0         0         0         0
   242/399    0.505G     0.168      1.02    0.0858      1.28   0.00798        53       128         0         0         0         0         0         0         0
   243/399    0.505G     0.165      1.01    0.0856      1.27   0.00771        53       128         0         0         0         0         0         0         0
   244/399    0.505G     0.161     0.999    0.0853      1.25   0.00763        53       128         0         0         0         0         0         0         0
   245/399    0.505G      0.16     0.998    0.0853      1.25   0.00706        53       128         0         0         0         0         0         0         0
   246/399    0.505G     0.157     0.989    0.0852      1.24   0.00648        53       128         0         0         0         0         0         0         0
   247/399    0.505G     0.156     0.985     0.085      1.23   0.00629        53       128         0         0         0         0         0         0         0
   248/399    0.505G     0.154      0.98     0.085      1.23   0.00663        53       128         0         0         0         0         0         0         0
   249/399    0.505G     0.153     0.973    0.0847      1.22   0.00682        53       128         0         0         0         0         0         0         0
   250/399    0.505G      0.15     0.967    0.0847      1.21   0.00651        53       128         0         0         0         0         0         0         0
   251/399    0.505G     0.147     0.959    0.0845       1.2   0.00684        53       128         0         0         0         0         0         0         0
   252/399    0.505G     0.146     0.955    0.0843      1.19   0.00684        53       128         0         0         0         0         0         0         0
   253/399    0.505G     0.148     0.954    0.0842      1.19   0.00578        53       128         0         0         0         0         0         0         0
   254/399    0.505G     0.146     0.953    0.0841      1.19    0.0066        53       128         0         0         0         0         0         0         0
   255/399    0.505G     0.144     0.949     0.084      1.18   0.00717        53       128         0         0         0         0         0         0         0
   256/399    0.505G     0.143      0.94    0.0838      1.17   0.00676        53       128         0         0         0         0         0         0         0
   257/399    0.505G     0.143     0.939    0.0837      1.17   0.00672        53       128         0         0         0         0         0         0         0
   258/399    0.505G      0.14     0.931    0.0836      1.16   0.00661        53       128         0         0         0         0         0         0         0
   259/399    0.505G     0.139     0.929    0.0834      1.16   0.00618        53       128         0         0         0         0         0         0         0
   260/399    0.505G     0.138     0.927    0.0835      1.15   0.00559        53       128         0         0         0         0         0         0         0
   261/399    0.505G     0.137     0.924    0.0833      1.15   0.00583        53       128         0         0         0         0         0         0         0
   262/399    0.505G     0.134     0.914    0.0831      1.14   0.00616        53       128         0         0         0         0         0         0         0
   263/399    0.505G     0.134     0.913     0.083      1.14   0.00662        53       128         0         0         0         0         0         0         0
   264/399    0.505G     0.135     0.917     0.083      1.14   0.00528        53       128         0         0         0         0         0         0         0
   265/399    0.505G     0.169      1.06    0.0841      1.33   0.00836        53       128         0         0         0         0         0         0         0
   266/399    0.505G     0.275      1.64    0.0915      2.03     0.021        53       128         0         0         0         0         0         0         0
   267/399    0.505G     0.253      1.48    0.0882      1.83    0.0176        53       128         0         0         0         0         0         0         0
   268/399    0.505G     0.239      1.32    0.0858      1.66    0.0147        53       128         0         0         0         0         0         0         0
   269/399    0.505G     0.235      1.32    0.0854      1.65    0.0139        53       128         0         0         0         0         0         0         0
   270/399    0.505G     0.231      1.29     0.085      1.62    0.0125        53       128         0         0         0         0         0         0         0
   271/399    0.505G     0.219       1.2    0.0837      1.51   0.00983        53       128         0         0         0         0         0         0         0
   272/399    0.505G     0.206      1.14     0.083      1.43   0.00909        53       128         0         0         0         0         0         0         0
   273/399    0.505G     0.217      1.23    0.0842      1.54    0.0101        53       128         0         0         0         0         0         0         0
   274/399    0.505G     0.222      1.26    0.0844      1.57     0.011        53       128         0         0         0         0         0         0         0
   275/399    0.505G     0.215      1.19    0.0833       1.5    0.0097        53       128         0         0         0         0         0         0         0
   276/399    0.505G     0.205      1.15    0.0828      1.45   0.00908        53       128         0         0         0         0         0         0         0
   277/399    0.505G       0.2      1.12    0.0824      1.41    0.0085        53       128         0         0         0         0         0         0         0
   278/399    0.505G     0.204      1.15    0.0827      1.44   0.00818        53       128         0         0         0         0         0         0         0
   279/399    0.505G     0.197      1.12    0.0822       1.4   0.00822        53       128         0         0         0         0         0         0         0
   280/399    0.505G     0.186      1.07    0.0816      1.34    0.0066        53       128         0         0         0         0         0         0         0
   281/399    0.505G     0.178      1.04    0.0815       1.3    0.0062        53       128         0         0         0         0         0         0         0
   282/399    0.505G     0.171      1.01    0.0813      1.27   0.00601        53       128         0         0         0         0         0         0         0
   283/399    0.505G     0.164     0.992     0.081      1.24    0.0055        53       128         0         0         0         0         0         0         0
   284/399    0.505G     0.159      0.98     0.081      1.23   0.00497        53       128         0         0         0         0         0         0         0
   285/399    0.505G     0.155     0.967     0.081      1.21   0.00521        53       128         0         0         0         0         0         0         0
   286/399    0.505G     0.151     0.954    0.0808      1.19   0.00533        53       128         0         0         0         0         0         0         0
   287/399    0.505G     0.148     0.945    0.0806      1.18   0.00467        53       128         0         0         0         0         0         0         0
   288/399    0.505G     0.146     0.939    0.0806      1.17   0.00446        53       128         0         0         0         0         0         0         0
   289/399    0.505G     0.144     0.935    0.0806      1.16   0.00505        53       128         0         0         0         0         0         0         0
   290/399    0.505G      0.14     0.923    0.0805      1.15   0.00476        53       128         0         0         0         0         0         0         0
   291/399    0.505G     0.139     0.918    0.0804      1.14   0.00431        53       128         0         0         0         0         0         0         0
   292/399    0.505G     0.137     0.911    0.0804      1.13   0.00457        53       128         0         0         0         0         0         0         0
   293/399    0.505G     0.135     0.907    0.0803      1.13   0.00468        53       128         0         0         0         0         0         0         0
   294/399    0.505G     0.134     0.901    0.0802      1.12   0.00465        53       128         0         0         0         0         0         0         0
   295/399    0.505G     0.131     0.895    0.0801      1.11   0.00414        53       128         0         0         0         0         0         0         0
   296/399    0.505G     0.129     0.886      0.08       1.1   0.00394        53       128         0         0         0         0         0         0         0
   297/399    0.505G     0.127     0.882    0.0799      1.09   0.00388        53       128         0         0         0         0         0         0         0
   298/399    0.505G     0.124     0.872    0.0798      1.08    0.0043        53       128         0         0         0         0         0         0         0
   299/399    0.505G     0.127     0.879    0.0797      1.09   0.00382        53       128         0         0         0         0         0         0         0
   300/399    0.505G     0.124     0.871    0.0797      1.08   0.00356        53       128         0         0         0         0         0         0         0
   301/399    0.505G     0.124     0.869    0.0796      1.08   0.00397        53       128         0         0         0         0         0         0         0
   302/399    0.505G     0.121      0.86    0.0796      1.06   0.00377        53       128         0         0         0         0         0         0         0
   303/399    0.505G      0.12     0.859    0.0796      1.06   0.00381        53       128         0         0         0         0         0         0         0
   304/399    0.505G      0.12     0.857    0.0795      1.06   0.00396        53       128         0         0         0         0         0         0         0
   305/399    0.505G     0.118     0.849    0.0794      1.05   0.00346        53       128         0         0         0         0         0         0         0
   306/399    0.505G     0.118     0.851    0.0794      1.05   0.00346        53       128         0         0         0         0         0         0         0
   307/399    0.505G     0.116     0.845    0.0793      1.04   0.00366        53       128         0         0         0         0         0         0         0
   308/399    0.505G     0.115     0.842    0.0792      1.04   0.00372        53       128         0         0         0         0         0         0         0
   309/399    0.505G     0.115     0.838    0.0792      1.04   0.00351        53       128         0         0         0         0         0         0         0
   310/399    0.505G     0.114     0.836    0.0791      1.03   0.00338        53       128         0         0         0         0         0         0         0
   311/399    0.505G     0.112     0.831    0.0791      1.03   0.00309        53       128         0         0         0         0         0         0         0
   312/399    0.505G     0.111     0.828     0.079      1.02   0.00302        53       128         0         0         0         0         0         0         0
   313/399    0.505G      0.11     0.824    0.0789      1.02   0.00343        53       128         0         0         0         0         0         0         0
   314/399    0.505G     0.111     0.828    0.0789      1.02   0.00319        53       128         0         0         0         0         0         0         0
   315/399    0.505G     0.108     0.818    0.0789      1.01   0.00285        53       128         0         0         0         0         0         0         0
   316/399    0.505G     0.108     0.818    0.0787      1.01   0.00301        53       128         0         0         0         0         0         0         0
   317/399    0.505G     0.109     0.821    0.0787      1.01   0.00268        53       128         0         0         0         0         0         0         0
   318/399    0.505G     0.108     0.818    0.0787      1.01   0.00308        53       128         0         0         0         0         0         0         0
   319/399    0.505G     0.108     0.818    0.0787      1.01    0.0027        53       128         0         0         0         0         0         0         0
   320/399    0.505G     0.105     0.808    0.0787     0.995   0.00323        53       128         0         0         0         0         0         0         0
   321/399    0.505G     0.106     0.809    0.0786     0.996   0.00249        53       128         0         0         0         0         0         0         0
   322/399    0.505G     0.103     0.802    0.0786     0.987   0.00293        53       128         0         0         0         0         0         0         0
   323/399    0.505G     0.103     0.801    0.0785     0.985   0.00276        53       128         0         0         0         0         0         0         0
   324/399    0.505G     0.103       0.8    0.0784     0.984   0.00294        53       128         0         0         0         0         0         0         0
   325/399    0.505G     0.101     0.793    0.0783     0.975   0.00269        53       128         0         0         0         0         0         0         0
   326/399    0.505G       0.1     0.791    0.0783     0.972   0.00259        53       128         0         0         0         0         0         0         0
   327/399    0.505G       0.1      0.79    0.0783     0.971   0.00229        53       128         0         0         0         0         0         0         0
   328/399    0.505G       0.1     0.791    0.0783     0.972   0.00251        53       128         0         0         0         0         0         0         0
   329/399    0.505G    0.0986     0.784    0.0783     0.963   0.00245        53       128         0         0         0         0         0         0         0
   330/399    0.505G    0.0979     0.781    0.0781     0.959   0.00259        53       128         0         0         0         0         0         0         0
   331/399    0.505G    0.0967     0.776    0.0781     0.954   0.00262        53       128         0         0         0         0         0         0         0
   332/399    0.505G    0.0964     0.777    0.0781     0.954   0.00255        53       128         0         0         0         0         0         0         0
   333/399    0.505G    0.0944      0.77     0.078     0.945   0.00215        53       128         0         0         0         0         0         0         0
   334/399    0.505G    0.0939     0.768    0.0779     0.942   0.00262        53       128         0         0         0         0         0         0         0
   335/399    0.505G    0.0951     0.772     0.078     0.948   0.00243        53       128         0         0         0         0         0         0         0
   336/399    0.505G    0.0934     0.767     0.078     0.941   0.00215        53       128         0         0         0         0         0         0         0
   337/399    0.505G     0.095     0.771    0.0779     0.946   0.00206        53       128         0         0         0         0         0         0         0
   338/399    0.505G    0.0929     0.764    0.0779     0.937   0.00235        53       128         0         0         0         0         0         0         0
   339/399    0.505G    0.0924     0.763    0.0779     0.936   0.00231        53       128         0         0         0         0         0         0         0
   340/399    0.505G    0.0904     0.755    0.0778     0.926   0.00195        53       128         0         0         0         0         0         0         0
   341/399    0.505G    0.0915     0.758    0.0777      0.93   0.00204        53       128         0         0         0         0         0         0         0
   342/399    0.505G    0.0922     0.761    0.0778     0.933   0.00185        53       128         0         0         0         0         0         0         0
   343/399    0.505G    0.0906     0.755    0.0777     0.926   0.00217        53       128         0         0         0         0         0         0         0
   344/399    0.505G    0.0915      0.76    0.0777     0.931   0.00206        53       128         0         0         0         0         0         0         0
   345/399    0.505G    0.0903     0.755    0.0776     0.925   0.00194        53       128         0         0         0         0         0         0         0
   346/399    0.505G    0.0891      0.75    0.0776     0.919   0.00213        53       128         0         0         0         0         0         0         0
   347/399    0.505G    0.0883     0.748    0.0776     0.915   0.00188        53       128         0         0         0         0         0         0         0
   348/399    0.505G    0.0855     0.737    0.0774     0.901   0.00187        53       128         0         0         0         0         0         0         0
   349/399    0.505G    0.0874     0.745    0.0775     0.912   0.00217        53       128         0         0         0         0         0         0         0
   350/399    0.505G    0.0862     0.739    0.0776     0.905   0.00195        53       128         0         0         0         0         0         0         0
   351/399    0.505G    0.0865     0.741    0.0774     0.906     0.002        53       128         0         0         0         0         0         0         0
   352/399    0.505G    0.0846     0.736    0.0774       0.9   0.00182        53       128         0         0         0         0         0         0         0
   353/399    0.505G     0.086     0.738    0.0773     0.904   0.00179        53       128         0         0         0         0         0         0         0
   354/399    0.505G    0.0843     0.733    0.0774     0.896   0.00157        53       128         0         0         0         0         0         0         0
   355/399    0.505G     0.083     0.728    0.0773      0.89   0.00172        53       128         0         0         0         0         0         0         0
   356/399    0.505G    0.0837      0.73    0.0773     0.893   0.00161        53       128         0         0         0         0         0         0         0
   357/399    0.505G    0.0825     0.727    0.0772     0.888   0.00199        53       128         0         0         0         0         0         0         0
   358/399    0.505G    0.0827     0.728    0.0773     0.889   0.00163        53       128         0         0         0         0         0         0         0
   359/399    0.505G    0.0824     0.728    0.0773     0.889   0.00157        53       128         0         0         0         0         0         0         0
   360/399    0.505G    0.0813     0.723    0.0772     0.883   0.00163        53       128         0         0         0         0         0         0         0
   361/399    0.505G    0.0818     0.724    0.0772     0.885   0.00147        53       128         0         0         0         0         0         0         0
   362/399    0.505G    0.0805     0.719    0.0771     0.878   0.00151        53       128         0         0         0         0         0         0         0
   363/399    0.505G    0.0814     0.722    0.0771     0.882   0.00172        53       128         0         0         0         0         0         0         0
   364/399    0.505G    0.0809      0.72    0.0771      0.88   0.00173        53       128         0         0         0         0         0         0         0
   365/399    0.505G    0.0795     0.715     0.077     0.873   0.00136        53       128         0         0         0         0         0         0         0
   366/399    0.505G    0.0792     0.716    0.0772     0.874   0.00146        53       128         0         0         0         0         0         0         0
   367/399    0.505G    0.0786     0.712     0.077     0.869   0.00153        53       128         0         0         0         0         0         0         0
   368/399    0.505G    0.0804     0.719    0.0771     0.878   0.00142        53       128         0         0         0         0         0         0         0
   369/399    0.505G    0.0777     0.709     0.077     0.865   0.00144        53       128         0         0         0         0         0         0         0
   370/399    0.505G    0.0788     0.713    0.0769      0.87   0.00142        53       128         0         0         0         0         0         0         0
   371/399    0.505G    0.0789     0.713    0.0769     0.871   0.00138        53       128         0         0         0         0         0         0         0
   372/399    0.505G    0.0797     0.717    0.0769     0.875   0.00145        53       128         0         0         0         0         0         0         0
   373/399    0.505G    0.0776     0.708    0.0768     0.863   0.00136        53       128         0         0         0         0         0         0         0
   374/399    0.505G    0.0772     0.705    0.0768     0.861   0.00137        53       128         0         0         0         0         0         0         0
   375/399    0.505G    0.0768     0.705    0.0768      0.86   0.00137        53       128         0         0         0         0         0         0         0
   376/399    0.505G    0.0761     0.703    0.0768     0.857   0.00129        53       128         0         0         0         0         0         0         0
   377/399    0.505G    0.0757     0.702    0.0769     0.856   0.00129        53       128         0         0         0         0         0         0         0
   378/399    0.505G    0.0759     0.701    0.0767     0.855   0.00134        53       128         0         0         0         0         0         0         0
   379/399    0.505G    0.0757     0.702    0.0768     0.856   0.00114        53       128         0         0         0         0         0         0         0
   380/399    0.505G    0.0757       0.7    0.0767     0.854   0.00127        53       128         0         0         0         0         0         0         0
   381/399    0.505G    0.0747     0.698    0.0767     0.851    0.0013        53       128         0         0         0         0         0         0         0
   382/399    0.505G    0.0747     0.699    0.0768     0.851   0.00122        53       128         0         0         0         0         0         0         0
   383/399    0.505G    0.0756     0.701    0.0767     0.854   0.00121        53       128         0         0         0         0         0         0         0
   384/399    0.505G    0.0747     0.698    0.0767     0.851    0.0013        53       128         0         0         0         0         0         0         0
   385/399    0.505G    0.0749     0.699    0.0767     0.852   0.00134        53       128         0         0         0         0         0         0         0
   386/399    0.505G    0.0748     0.698    0.0767     0.851   0.00122        53       128         0         0         0         0         0         0         0
   387/399    0.505G    0.0742     0.696    0.0766     0.848   0.00127        53       128         0         0         0         0         0         0         0
   388/399    0.505G    0.0738     0.693    0.0765     0.845   0.00128        53       128         0         0         0         0         0         0         0
   389/399    0.505G    0.0742     0.695    0.0765     0.847   0.00133        53       128         0         0         0         0         0         0         0
   390/399    0.505G    0.0736     0.694    0.0766     0.846   0.00122        53       128         0         0         0         0         0         0         0
   391/399    0.505G     0.074     0.695    0.0766     0.847   0.00156        53       128         0         0         0         0         0         0         0
   392/399    0.505G    0.0738     0.691    0.0765     0.843   0.00141        53       128         0         0         0         0         0         0         0
   393/399    0.505G    0.0733     0.692    0.0766     0.843   0.00116        53       128         0         0         0         0         0         0         0
   394/399    0.505G    0.0739     0.693    0.0765     0.845   0.00122        53       128         0         0         0         0         0         0         0
   395/399    0.505G    0.0727     0.689    0.0765      0.84   0.00131        53       128         0         0         0         0         0         0         0
   396/399    0.505G    0.0726     0.689    0.0765     0.839   0.00127        53       128         0         0         0         0         0         0         0
   397/399    0.505G    0.0731     0.692    0.0765     0.843   0.00115        53       128         0         0         0         0         0         0         0
   398/399    0.505G    0.0728     0.689    0.0764      0.84    0.0013        53       128         0         0         0         0         0         0         0
   399/399    0.505G    0.0736     0.693    0.0764     0.844   0.00131        53       128         0         0         0         0         0         0         0
