     0/399    0.296G      2.37      11.8     0.763      54.4      39.5        34       128         0         0         0         0         0         0         0
     1/399    0.365G      2.13       6.9     0.525      37.8      28.2        34       128         0         0         0         0         0         0         0
     2/399    0.365G      2.07      5.49     0.445      8.92     0.912        34       128         0         0         0         0         0         0         0
     3/399    0.365G      1.97      4.87     0.423      7.66       0.4        34       128         0         0         0         0         0         0         0
     4/399    0.365G       1.9      4.77     0.414      7.38     0.304        34       128         0         0         0         0         0         0         0
     5/399    0.365G      1.83      4.67     0.407      7.14     0.239        34       128         0         0         0         0         0         0         0
     6/399    0.365G      1.76      4.57     0.399      6.94     0.211        34       128         0         0         0         0         0         0         0
     7/399    0.365G       1.7      4.47     0.393      6.71     0.156        34       128         0         0         0         0         0         0         0
     8/399    0.365G      1.62      4.38     0.386      6.53     0.141        34       128         0         0         0         0         0         0         0
     9/399    0.365G      1.56       4.3      0.38      6.37     0.133        34       128         0         0         0         0         0         0         0
    10/399    0.365G      1.49      4.22     0.374      6.21     0.124        34       128         0         0         0         0         0         0         0
    11/399    0.365G      1.43      4.13     0.369      6.03     0.102        34       128         0         0         0         0         0         0         0
    12/399    0.365G      1.36      4.03     0.363      5.86     0.101        34       128         0         0         0         0         0         0         0
    13/399    0.365G       1.3      3.91     0.358      5.68     0.111        34       128         0         0         0         0         0         0         0
    14/399    0.365G      1.25      3.81     0.353      5.53     0.113        34       128         0         0         0         0         0         0         0
    15/399    0.365G      1.18      3.74     0.347      5.37     0.103        34       128         0         0         0         0         0         0         0
    16/399    0.365G      1.13      3.68     0.343      5.25     0.103        34       128         0         0         0         0         0         0         0
    17/399    0.365G      1.07      3.61     0.337      5.12     0.101        34       128         0         0         0         0         0         0         0
    18/399    0.365G      1.03      3.55     0.333         5    0.0947        34       128         0         0         0         0         0         0         0
    19/399    0.365G     0.983       3.5     0.328       4.9    0.0844        34       128         0         0         0         0         0         0         0
    20/399    0.365G     0.939      3.44     0.324       4.8       0.1        34       128         0         0         0         0         0         0         0
    21/399    0.365G     0.897      3.38     0.319      4.68    0.0857        34       128         0         0         0         0         0         0         0
    22/399    0.365G      0.86      3.33     0.315       4.6     0.097        34       128         0         0         0         0         0         0         0
    23/399    0.365G     0.824      3.29     0.311      4.51    0.0901        34       128         0         0         0         0         0         0         0
    24/399    0.365G     0.796      3.24     0.307      4.44    0.0964        34       128         0         0         0         0         0         0         0
    25/399    0.365G     0.767       3.2     0.303      4.36    0.0904        34       128         0         0         0         0         0         0         0
    26/399    0.365G     0.732      3.12     0.298      4.23    0.0798        34       128         0         0         0         0         0         0         0
    27/399    0.365G     0.709      3.08     0.294      4.17    0.0887        34       128         0         0         0         0         0         0         0
    28/399    0.365G     0.684      3.04     0.291       4.1    0.0829        34       128         0         0         0         0         0         0         0
    29/399    0.365G      0.66         3     0.287      4.02    0.0803        34       128         0         0         0         0         0         0         0
    30/399    0.365G     0.641      2.95     0.283      3.96    0.0891        34       128         0         0         0         0         0         0         0
    31/399    0.365G     0.622      2.91      0.28      3.89    0.0849        34       128         0         0         0         0         0         0         0
    32/399    0.365G     0.611      2.88     0.276      3.84     0.078        34       128         0         0         0         0         0         0         0
    33/399    0.365G      0.59      2.82     0.273      3.77    0.0791        34       128         0         0         0         0         0         0         0
    34/399    0.365G     0.574       2.8     0.269      3.73    0.0888        34       128         0         0         0         0         0         0         0
    35/399    0.365G     0.559      2.75     0.266      3.67    0.0882        34       128         0         0         0         0         0         0         0
    36/399    0.365G     0.544      2.71     0.263       3.6    0.0839        34       128         0         0         0         0         0         0         0
    37/399    0.365G     0.537      2.67     0.259      3.55    0.0835        34       128         0         0         0         0         0         0         0
    38/399    0.365G     0.519      2.64     0.256      3.49    0.0777        34       128         0         0         0         0         0         0         0
    39/399    0.365G     0.508      2.62     0.253      3.45    0.0696        34       128         0         0         0         0         0         0         0
    40/399    0.365G     0.502      2.58      0.25       3.4    0.0686        34       128         0         0         0         0         0         0         0
    41/399    0.365G     0.489      2.54     0.247      3.35    0.0769        34       128         0         0         0         0         0         0         0
    42/399    0.365G      0.49      2.56     0.245      3.38    0.0808        34       128         0         0         0         0         0         0         0
    43/399    0.365G     0.482      2.53     0.242      3.34    0.0818        34       128         0         0         0         0         0         0         0
    44/399    0.365G     0.468      2.49     0.239      3.28     0.079        34       128         0         0         0         0         0         0         0
    45/399    0.365G      0.46      2.46     0.236      3.23    0.0679        34       128         0         0         0         0         0         0         0
    46/399    0.365G      0.46      2.46     0.235      3.23    0.0696        34       128         0         0         0         0         0         0         0
    47/399    0.365G     0.445      2.41     0.231      3.16    0.0739        34       128         0         0         0         0         0         0         0
    48/399    0.365G     0.439      2.36     0.228       3.1     0.071        34       128         0         0         0         0         0         0         0
    49/399    0.365G     0.428      2.34     0.226      3.06     0.063        34       128         0         0         0         0         0         0         0
    50/399    0.365G     0.424      2.32     0.223      3.03    0.0688        34       128         0         0         0         0         0         0         0
    51/399    0.365G     0.417      2.29     0.221         3    0.0695        34       128         0         0         0         0         0         0         0
    52/399    0.365G     0.425      2.34      0.22      3.06    0.0707        34       128         0         0         0         0         0         0         0
    53/399    0.365G     0.418      2.31     0.217      3.01    0.0638        34       128         0         0         0         0         0         0         0
    54/399    0.365G      0.41      2.27     0.215      2.96    0.0687        34       128         0         0         0         0         0         0         0
    55/399    0.365G       0.4      2.22     0.212       2.9     0.068        34       128         0         0         0         0         0         0         0
    56/399    0.365G     0.396       2.2      0.21      2.87     0.065        34       128         0         0         0         0         0         0         0
    57/399    0.365G     0.395      2.19     0.208      2.85    0.0548        34       128         0         0         0         0         0         0         0
    58/399    0.365G     0.392      2.19     0.206      2.85    0.0599        34       128         0         0         0         0         0         0         0
    59/399    0.365G     0.384      2.14     0.204      2.79    0.0641        34       128         0         0         0         0         0         0         0
    60/399    0.365G     0.382      2.14     0.202      2.79    0.0648        34       128         0         0         0         0         0         0         0
    61/399    0.365G     0.388      2.19     0.201      2.84     0.066        34       128         0         0         0         0         0         0         0
    62/399    0.365G     0.381      2.14     0.198      2.77    0.0572        34       128         0         0         0         0         0         0         0
    63/399    0.365G     0.369      2.09     0.196      2.71    0.0579        34       128         0         0         0         0         0         0         0
    64/399    0.365G     0.373       2.1     0.195      2.73    0.0559        34       128         0         0         0         0         0         0         0
    65/399    0.365G     0.369      2.09     0.193      2.72    0.0701        34       128         0         0         0         0         0         0         0
    66/399    0.365G      0.37      2.09     0.192      2.71    0.0587        34       128         0         0         0         0         0         0         0
    67/399    0.365G     0.362      2.08      0.19       2.7    0.0639        34       128         0         0         0         0         0         0         0
    68/399    0.365G     0.357      2.05     0.188      2.65    0.0565        34       128         0         0         0         0         0         0         0
    69/399    0.365G     0.352      2.02     0.186      2.62    0.0601        34       128         0         0         0         0         0         0         0
    70/399    0.365G     0.353      1.99     0.184      2.58    0.0555        34       128         0         0         0         0         0         0         0
    71/399    0.365G     0.348         2     0.183      2.58    0.0555        34       128         0         0         0         0         0         0         0
    72/399    0.365G     0.352      1.99     0.181      2.58    0.0534        34       128         0         0         0         0         0         0         0
    73/399    0.365G     0.352      1.98      0.18      2.56    0.0531        34       128         0         0         0         0         0         0         0
    74/399    0.365G     0.352         2     0.179      2.58    0.0537        34       128         0         0         0         0         0         0         0
    75/399    0.365G     0.345      1.96     0.177      2.54    0.0619        34       128         0         0         0         0         0         0         0
    76/399    0.365G      0.35      1.97     0.176      2.55    0.0522        34       128         0         0         0         0         0         0         0
    77/399    0.365G     0.344      1.96     0.174      2.54     0.056        34       128         0         0         0         0         0         0         0
    78/399    0.365G     0.342      1.98     0.173      2.55    0.0603        34       128         0         0         0         0         0         0         0
    79/399    0.365G      0.34      1.97     0.172      2.54    0.0552        34       128         0         0         0         0         0         0         0
    80/399    0.365G     0.339      1.91      0.17      2.48    0.0527        34       128         0         0         0         0         0         0         0
    81/399    0.365G     0.343      1.96     0.169      2.52    0.0524        34       128         0         0         0         0         0         0         0
    82/399    0.365G      0.34      1.94     0.168      2.49    0.0471        34       128         0         0         0         0         0         0         0
    83/399    0.365G     0.342      1.95     0.167      2.51    0.0477        34       128         0         0         0         0         0         0         0
    84/399    0.365G     0.324      1.85     0.164      2.39    0.0499        34       128         0         0         0         0         0         0         0
    85/399    0.365G      0.33      1.88     0.164      2.43    0.0582        34       128         0         0         0         0         0         0         0
    86/399    0.365G     0.325      1.84     0.162      2.38    0.0513        34       128         0         0         0         0         0         0         0
    87/399    0.365G     0.318      1.82      0.16      2.34    0.0446        34       128         0         0         0         0         0         0         0
    88/399    0.365G     0.327      1.88     0.161      2.42    0.0493        34       128         0         0         0         0         0         0         0
    89/399    0.365G     0.329      1.88      0.16      2.42      0.05        34       128         0         0         0         0         0         0         0
    90/399    0.365G     0.325      1.85     0.158      2.39    0.0516        34       128         0         0         0         0         0         0         0
    91/399    0.365G     0.318       1.8     0.156      2.33    0.0526        34       128         0         0         0         0         0         0         0
    92/399    0.365G     0.326      1.85     0.156      2.39      0.05        34       128         0         0         0         0         0         0         0
    93/399    0.365G     0.322      1.85     0.155      2.37    0.0491        34       128         0         0         0         0         0         0         0
    94/399    0.365G     0.329       1.9     0.155      2.44    0.0545        34       128         0         0         0         0         0         0         0
    95/399    0.365G     0.323      1.84     0.153      2.36    0.0464        34       128         0         0         0         0         0         0         0
    96/399    0.365G     0.319      1.81     0.151      2.33    0.0502        34       128         0         0         0         0         0         0         0
    97/399    0.365G     0.316       1.8      0.15      2.31    0.0437        34       128         0         0         0         0         0         0         0
    98/399    0.365G     0.319       1.8     0.149      2.32    0.0476        34       128         0         0         0         0         0         0         0
    99/399    0.365G     0.316      1.81     0.148      2.31    0.0451        34       128         0         0         0         0         0         0         0
   100/399    0.365G     0.308      1.76     0.147      2.26    0.0465        34       128         0         0         0         0         0         0         0
   101/399    0.365G     0.309      1.76     0.146      2.25    0.0429        34       128         0         0         0         0         0         0         0
   102/399    0.365G     0.316      1.82     0.147      2.33    0.0446        34       128         0         0         0         0         0         0         0
   103/399    0.365G     0.316       1.8     0.145      2.31    0.0486        34       128         0         0         0         0         0         0         0
   104/399    0.365G     0.312      1.77     0.144      2.27    0.0431        34       128         0         0         0         0         0         0         0
   105/399    0.365G     0.308      1.74     0.142      2.23    0.0413        34       128         0         0         0         0         0         0         0
   106/399    0.365G     0.314      1.79     0.143       2.3    0.0464        34       128         0         0         0         0         0         0         0
   107/399    0.365G     0.309      1.75     0.141      2.24    0.0437        34       128         0         0         0         0         0         0         0
   108/399    0.365G     0.303      1.71      0.14       2.2    0.0418        34       128         0         0         0         0         0         0         0
   109/399    0.365G     0.304      1.71     0.139       2.2    0.0461        34       128         0         0         0         0         0         0         0
   110/399    0.365G     0.301       1.7     0.138      2.18    0.0421        34       128         0         0         0         0         0         0         0
   111/399    0.365G     0.307      1.75     0.138      2.24    0.0455        34       128         0         0         0         0         0         0         0
   112/399    0.365G     0.308      1.74     0.137      2.24    0.0471        34       128         0         0         0         0         0         0         0
   113/399    0.365G     0.307      1.75     0.137      2.24    0.0433        34       128         0         0         0         0         0         0         0
   114/399    0.365G     0.301      1.71     0.135      2.18    0.0366        34       128         0         0         0         0         0         0         0
   115/399    0.365G     0.297      1.68     0.134      2.14    0.0343        34       128         0         0         0         0         0         0         0
   116/399    0.365G     0.299      1.68     0.133      2.15    0.0376        34       128         0         0         0         0         0         0         0
   117/399    0.365G     0.305      1.74     0.134      2.22    0.0418        34       128         0         0         0         0         0         0         0
   118/399    0.365G     0.298      1.68     0.132      2.15     0.039        34       128         0         0         0         0         0         0         0
   119/399    0.365G       0.3      1.67     0.131      2.14    0.0386        34       128         0         0         0         0         0         0         0
   120/399    0.365G     0.292      1.64      0.13       2.1    0.0408        34       128         0         0         0         0         0         0         0
   121/399    0.365G     0.308      1.68      0.13      2.17    0.0428        34       128         0         0         0         0         0         0         0
   122/399    0.365G     0.307      1.74      0.13      2.22    0.0456        34       128         0         0         0         0         0         0         0
   123/399    0.365G     0.292      1.65     0.128       2.1    0.0378        34       128         0         0         0         0         0         0         0
   124/399    0.365G     0.298      1.65     0.128      2.12    0.0399        34       128         0         0         0         0         0         0         0
   125/399    0.365G     0.294      1.64     0.127       2.1    0.0364        34       128         0         0         0         0         0         0         0
   126/399    0.365G     0.288      1.61     0.126      2.06    0.0357        34       128         0         0         0         0         0         0         0
   127/399    0.365G     0.298      1.67     0.126      2.14    0.0392        34       128         0         0         0         0         0         0         0
   128/399    0.365G     0.302       1.7     0.126      2.16    0.0383        34       128         0         0         0         0         0         0         0
   129/399    0.365G     0.296      1.68     0.125      2.14     0.037        34       128         0         0         0         0         0         0         0
   130/399    0.365G     0.291      1.64     0.124       2.1    0.0376        34       128         0         0         0         0         0         0         0
   131/399    0.365G     0.291      1.65     0.124       2.1    0.0396        34       128         0         0         0         0         0         0         0
   132/399    0.365G     0.289      1.61     0.123      2.07    0.0406        34       128         0         0         0         0         0         0         0
   133/399    0.365G     0.288      1.61     0.122      2.06    0.0375        34       128         0         0         0         0         0         0         0
   134/399    0.365G     0.281      1.55      0.12      1.99    0.0333        34       128         0         0         0         0         0         0         0
   135/399    0.365G     0.277      1.54      0.12      1.96    0.0306        34       128         0         0         0         0         0         0         0
   136/399    0.365G     0.282      1.59      0.12      2.03    0.0371        34       128         0         0         0         0         0         0         0
   137/399    0.365G     0.288       1.6      0.12      2.04    0.0379        34       128         0         0         0         0         0         0         0
   138/399    0.365G     0.297      1.69     0.121      2.15     0.039        34       128         0         0         0         0         0         0         0
   139/399    0.365G     0.289      1.61     0.119      2.05    0.0344        34       128         0         0         0         0         0         0         0
   140/399    0.365G     0.287      1.62     0.118      2.06    0.0335        34       128         0         0         0         0         0         0         0
   141/399    0.365G     0.282      1.57     0.117         2    0.0361        34       128         0         0         0         0         0         0         0
   142/399    0.365G     0.281      1.57     0.117      2.01    0.0336        34       128         0         0         0         0         0         0         0
   143/399    0.365G     0.279      1.57     0.116         2    0.0335        34       128         0         0         0         0         0         0         0
   144/399    0.365G     0.282      1.57     0.116         2    0.0349        34       128         0         0         0         0         0         0         0
   145/399    0.365G      0.28      1.58     0.115      2.01    0.0339        34       128         0         0         0         0         0         0         0
   146/399    0.365G     0.284      1.58     0.115      2.01    0.0311        34       128         0         0         0         0         0         0         0
   147/399    0.365G     0.286      1.61     0.115      2.04    0.0339        34       128         0         0         0         0         0         0         0
   148/399    0.365G     0.283      1.57     0.114         2    0.0317        34       128         0         0         0         0         0         0         0
   149/399    0.365G      0.27      1.49     0.112       1.9    0.0295        34       128         0         0         0         0         0         0         0
   150/399    0.365G      0.27      1.49     0.112       1.9    0.0285        34       128         0         0         0         0         0         0         0
   151/399    0.365G     0.278      1.56     0.113      1.99    0.0312        34       128         0         0         0         0         0         0         0
   152/399    0.365G     0.271       1.5     0.111      1.91    0.0316        34       128         0         0         0         0         0         0         0
   153/399    0.365G     0.279      1.55     0.112      1.97    0.0301        34       128         0         0         0         0         0         0         0
   154/399    0.365G     0.275      1.55     0.111      1.97    0.0342        34       128         0         0         0         0         0         0         0
   155/399    0.365G     0.276      1.54     0.111      1.96    0.0349        34       128         0         0         0         0         0         0         0
   156/399    0.365G     0.272       1.5      0.11      1.91    0.0269        34       128         0         0         0         0         0         0         0
   157/399    0.365G     0.273      1.52      0.11      1.93    0.0286        34       128         0         0         0         0         0         0         0
   158/399    0.365G     0.275      1.51     0.109      1.93    0.0329        34       128         0         0         0         0         0         0         0
   159/399    0.365G     0.265      1.46     0.108      1.86    0.0286        34       128         0         0         0         0         0         0         0
   160/399    0.365G     0.261      1.44     0.107      1.84    0.0312        34       128         0         0         0         0         0         0         0
   161/399    0.365G     0.268       1.5     0.108       1.9    0.0306        34       128         0         0         0         0         0         0         0
   162/399    0.365G     0.268      1.51     0.108      1.92    0.0312        34       128         0         0         0         0         0         0         0
   163/399    0.365G     0.271      1.49     0.107       1.9    0.0319        34       128         0         0         0         0         0         0         0
   164/399    0.365G     0.265      1.46     0.106      1.86    0.0308        34       128         0         0         0         0         0         0         0
   165/399    0.365G     0.267      1.49     0.106      1.89      0.03        34       128         0         0         0         0         0         0         0
   166/399    0.365G     0.266      1.46     0.105      1.86    0.0274        34       128         0         0         0         0         0         0         0
   167/399    0.365G     0.266      1.48     0.105      1.88    0.0307        34       128         0         0         0         0         0         0         0
   168/399    0.365G     0.268      1.49     0.105      1.89    0.0284        34       128         0         0         0         0         0         0         0
   169/399    0.365G     0.264      1.47     0.105      1.87    0.0251        34       128         0         0         0         0         0         0         0
   170/399    0.365G     0.267      1.46     0.104      1.86    0.0285        34       128         0         0         0         0         0         0         0
   171/399    0.365G     0.266      1.49     0.104      1.88    0.0271        34       128         0         0         0         0         0         0         0
   172/399    0.365G     0.266      1.47     0.103      1.86    0.0276        34       128         0         0         0         0         0         0         0
   173/399    0.365G     0.272      1.53     0.104      1.93    0.0278        34       128         0         0         0         0         0         0         0
   174/399    0.365G     0.273      1.52     0.104      1.93    0.0309        34       128         0         0         0         0         0         0         0
   175/399    0.365G     0.264      1.45     0.102      1.84     0.026        34       128         0         0         0         0         0         0         0
   176/399    0.365G      0.26      1.42     0.101      1.81    0.0253        34       128         0         0         0         0         0         0         0
   177/399    0.365G     0.253      1.38     0.101      1.76    0.0233        34       128         0         0         0         0         0         0         0
   178/399    0.365G     0.258      1.42     0.101       1.8    0.0275        34       128         0         0         0         0         0         0         0
   179/399    0.365G     0.252      1.39       0.1      1.77    0.0265        34       128         0         0         0         0         0         0         0
   180/399    0.365G     0.251      1.39    0.0996      1.76    0.0245        34       128         0         0         0         0         0         0         0
   181/399    0.365G     0.257      1.42       0.1       1.8    0.0243        34       128         0         0         0         0         0         0         0
   182/399    0.365G     0.255      1.39    0.0992      1.77    0.0249        34       128         0         0         0         0         0         0         0
   183/399    0.365G      0.26      1.45    0.0997      1.83    0.0273        34       128         0         0         0         0         0         0         0
   184/399    0.365G     0.255      1.41    0.0989      1.79    0.0261        34       128         0         0         0         0         0         0         0
   185/399    0.365G     0.249      1.37    0.0983      1.74    0.0247        34       128         0         0         0         0         0         0         0
   186/399    0.365G     0.248      1.37     0.098      1.74    0.0249        34       128         0         0         0         0         0         0         0
   187/399    0.365G     0.254      1.41    0.0982      1.78    0.0232        34       128         0         0         0         0         0         0         0
   188/399    0.365G     0.257      1.43    0.0982       1.8     0.025        34       128         0         0         0         0         0         0         0
   189/399    0.365G     0.261      1.44    0.0981      1.82    0.0244        34       128         0         0         0         0         0         0         0
   190/399    0.365G     0.268       1.5    0.0988      1.89    0.0273        34       128         0         0         0         0         0         0         0
   191/399    0.365G     0.262      1.45    0.0979      1.84    0.0257        34       128         0         0         0         0         0         0         0
   192/399    0.365G     0.258      1.44    0.0974      1.82    0.0244        34       128         0         0         0         0         0         0         0
   193/399    0.365G     0.259      1.43    0.0969      1.81    0.0244        34       128         0         0         0         0         0         0         0
   194/399    0.365G      0.25      1.36    0.0956      1.73    0.0227        34       128         0         0         0         0         0         0         0
   195/399    0.365G     0.244      1.33     0.095      1.69    0.0225        34       128         0         0         0         0         0         0         0
   196/399    0.365G     0.246      1.35    0.0952      1.72    0.0216        34       128         0         0         0         0         0         0         0
   197/399    0.365G     0.247      1.34    0.0947       1.7    0.0201        34       128         0         0         0         0         0         0         0
   198/399    0.365G     0.239       1.3    0.0939      1.65    0.0185        34       128         0         0         0         0         0         0         0
   199/399    0.365G     0.229      1.26    0.0932       1.6    0.0191        34       128         0         0         0         0         0         0         0
   200/399    0.365G     0.225      1.24    0.0928      1.57    0.0162        34       128         0         0         0         0         0         0         0
   201/399    0.365G     0.223      1.24    0.0927      1.57    0.0173        34       128         0         0         0         0         0         0         0
   202/399    0.365G     0.234       1.3    0.0932      1.65    0.0221        34       128         0         0         0         0         0         0         0
   203/399    0.365G     0.246      1.37    0.0939      1.74    0.0258        34       128         0         0         0         0         0         0         0
   204/399    0.365G     0.254       1.4     0.094      1.78    0.0252        34       128         0         0         0         0         0         0         0
   205/399    0.365G     0.257      1.43    0.0944      1.81     0.022        34       128         0         0         0         0         0         0         0
   206/399    0.365G     0.259      1.44    0.0942      1.82    0.0263        34       128         0         0         0         0         0         0         0
   207/399    0.365G     0.248      1.38    0.0933      1.74    0.0233        34       128         0         0         0         0         0         0         0
   208/399    0.365G     0.247      1.36    0.0925      1.72    0.0234        34       128         0         0         0         0         0         0         0
   209/399    0.365G     0.243      1.33     0.092      1.69     0.019        34       128         0         0         0         0         0         0         0
   210/399    0.365G     0.241      1.32    0.0916      1.68    0.0198        34       128         0         0         0         0         0         0         0
   211/399    0.365G     0.236      1.29    0.0912      1.64    0.0192        34       128         0         0         0         0         0         0         0
   212/399    0.365G     0.234      1.27    0.0906      1.62    0.0183        34       128         0         0         0         0         0         0         0
   213/399    0.365G     0.226      1.25    0.0902      1.58    0.0176        34       128         0         0         0         0         0         0         0
   214/399    0.365G      0.24      1.33    0.0911      1.68    0.0211        34       128         0         0         0         0         0         0         0
   215/399    0.365G     0.258      1.45    0.0929      1.83    0.0223        34       128         0         0         0         0         0         0         0
   216/399    0.365G     0.249      1.37     0.091      1.73     0.022        34       128         0         0         0         0         0         0         0
   217/399    0.365G     0.239       1.3    0.0901      1.65    0.0187        34       128         0         0         0         0         0         0         0
   218/399    0.365G     0.237       1.3    0.0898      1.64    0.0204        34       128         0         0         0         0         0         0         0
   219/399    0.365G     0.232      1.28    0.0895      1.62    0.0225        34       128         0         0         0         0         0         0         0
   220/399    0.365G     0.242      1.34    0.0901      1.69    0.0206        34       128         0         0         0         0         0         0         0
   221/399    0.365G     0.243      1.34    0.0899      1.69    0.0208        34       128         0         0         0         0         0         0         0
   222/399    0.365G      0.25      1.38    0.0903      1.74    0.0204        34       128         0         0         0         0         0         0         0
   223/399    0.365G     0.238      1.31    0.0891      1.65    0.0176        34       128         0         0         0         0         0         0         0
   224/399    0.365G     0.238      1.31    0.0889      1.65    0.0203        34       128         0         0         0         0         0         0         0
   225/399    0.365G     0.234      1.29    0.0887      1.63     0.016        34       128         0         0         0         0         0         0         0
   226/399    0.365G     0.238      1.32    0.0888      1.66    0.0178        34       128         0         0         0         0         0         0         0
   227/399    0.365G     0.232      1.27    0.0881      1.61    0.0158        34       128         0         0         0         0         0         0         0
   228/399    0.365G     0.235      1.31    0.0885      1.65    0.0175        34       128         0         0         0         0         0         0         0
   229/399    0.365G     0.226      1.24    0.0873      1.57    0.0155        34       128         0         0         0         0         0         0         0
   230/399    0.365G     0.219      1.21    0.0867      1.53    0.0134        34       128         0         0         0         0         0         0         0
   231/399    0.365G     0.212      1.17    0.0863      1.48    0.0128        34       128         0         0         0         0         0         0         0
   232/399    0.365G     0.206      1.15     0.086      1.46    0.0116        34       128         0         0         0         0         0         0         0
   233/399    0.365G     0.201      1.13    0.0856      1.43    0.0112        34       128         0         0         0         0         0         0         0
   234/399    0.365G     0.195      1.12    0.0854      1.41     0.011        34       128         0         0         0         0         0         0         0
   235/399    0.365G     0.191       1.1    0.0851      1.39     0.012        34       128         0         0         0         0         0         0         0
   236/399    0.365G     0.191       1.1     0.085      1.39    0.0103        34       128         0         0         0         0         0         0         0
   237/399    0.365G     0.186      1.09     0.085      1.37   0.00949        34       128         0         0         0         0         0         0         0
   238/399    0.365G     0.185      1.08    0.0847      1.36   0.00883        34       128         0         0         0         0         0         0         0
   239/399    0.365G     0.185      1.08    0.0847      1.36   0.00957        34       128         0         0         0         0         0         0         0
   240/399    0.365G     0.183      1.08    0.0844      1.36   0.00961        34       128         0         0         0         0         0         0         0
   241/399    0.365G     0.182      1.07    0.0843      1.35    0.0105        34       128         0         0         0         0         0         0         0
   242/399    0.365G     0.179      1.06    0.0839      1.33    0.0102        34       128         0         0         0         0         0         0         0
   243/399    0.365G     0.176      1.06     0.084      1.33   0.00966        34       128         0         0         0         0         0         0         0
   244/399    0.365G     0.175      1.05    0.0838      1.32   0.00992        34       128         0         0         0         0         0         0         0
   245/399    0.365G     0.175      1.05    0.0836      1.32      0.01        34       128         0         0         0         0         0         0         0
   246/399    0.365G     0.173      1.04    0.0834      1.31    0.0101        34       128         0         0         0         0         0         0         0
   247/399    0.365G     0.171      1.04    0.0834       1.3   0.00999        34       128         0         0         0         0         0         0         0
   248/399    0.365G     0.169      1.03    0.0832      1.29   0.00961        34       128         0         0         0         0         0         0         0
   249/399    0.365G     0.168      1.03    0.0829      1.29    0.0101        34       128         0         0         0         0         0         0         0
   250/399    0.365G     0.174      1.05    0.0832      1.32    0.0103        34       128         0         0         0         0         0         0         0
   251/399    0.365G     0.168      1.03    0.0828      1.29    0.0103        34       128         0         0         0         0         0         0         0
   252/399    0.365G     0.169      1.03    0.0827      1.29    0.0095        34       128         0         0         0         0         0         0         0
   253/399    0.365G     0.168      1.03    0.0827      1.29   0.00929        34       128         0         0         0         0         0         0         0
   254/399    0.365G     0.164      1.01    0.0825      1.27   0.00896        34       128         0         0         0         0         0         0         0
   255/399    0.365G     0.162         1    0.0822      1.26   0.00999        34       128         0         0         0         0         0         0         0
   256/399    0.365G     0.162         1    0.0822      1.26   0.00968        34       128         0         0         0         0         0         0         0
   257/399    0.365G     0.158     0.996     0.082      1.25   0.00925        34       128         0         0         0         0         0         0         0
   258/399    0.365G     0.159     0.999     0.082      1.25   0.00897        34       128         0         0         0         0         0         0         0
   259/399    0.365G      0.16     0.996    0.0818      1.25    0.0101        34       128         0         0         0         0         0         0         0
   260/399    0.365G     0.158     0.989    0.0817      1.24   0.00881        34       128         0         0         0         0         0         0         0
   261/399    0.365G      0.16     0.997    0.0817      1.25   0.00893        34       128         0         0         0         0         0         0         0
   262/399    0.365G      0.16     0.998    0.0817      1.25   0.00987        34       128         0         0         0         0         0         0         0
   263/399    0.365G      0.16         1    0.0815      1.25   0.00941        34       128         0         0         0         0         0         0         0
   264/399    0.365G     0.156     0.985    0.0812      1.23   0.00936        34       128         0         0         0         0         0         0         0
   265/399    0.365G     0.154     0.975    0.0811      1.22   0.00836        34       128         0         0         0         0         0         0         0
   266/399    0.365G     0.153     0.971    0.0809      1.21    0.0086        34       128         0         0         0         0         0         0         0
   267/399    0.365G     0.152      0.97    0.0809      1.21   0.00827        34       128         0         0         0         0         0         0         0
   268/399    0.365G     0.151     0.968    0.0808      1.21   0.00821        34       128         0         0         0         0         0         0         0
   269/399    0.365G     0.152     0.967    0.0806      1.21   0.00802        34       128         0         0         0         0         0         0         0
   270/399    0.365G     0.151     0.966    0.0806      1.21   0.00804        34       128         0         0         0         0         0         0         0
   271/399    0.365G     0.152     0.968    0.0805      1.21   0.00797        34       128         0         0         0         0         0         0         0
   272/399    0.365G     0.152     0.974    0.0805      1.21   0.00818        34       128         0         0         0         0         0         0         0
   273/399    0.365G     0.282      1.71    0.0909      2.11    0.0275        34       128         0         0         0         0         0         0         0
   274/399    0.365G     0.276       1.7    0.0892      2.09    0.0334        34       128         0         0         0         0         0         0         0
   275/399    0.365G      0.26      1.52    0.0861      1.89    0.0281        34       128         0         0         0         0         0         0         0
   276/399    0.365G     0.251      1.47    0.0853      1.83    0.0219        34       128         0         0         0         0         0         0         0
   277/399    0.365G     0.239      1.35    0.0833      1.69    0.0167        34       128         0         0         0         0         0         0         0
   278/399    0.365G     0.227      1.27    0.0824       1.6    0.0147        34       128         0         0         0         0         0         0         0
   279/399    0.365G     0.223      1.26    0.0821      1.58    0.0148        34       128         0         0         0         0         0         0         0
   280/399    0.365G     0.211      1.18     0.081      1.48    0.0116        34       128         0         0         0         0         0         0         0
   281/399    0.365G     0.205      1.15    0.0807      1.45    0.0106        34       128         0         0         0         0         0         0         0
   282/399    0.365G       0.2      1.13    0.0802      1.42    0.0105        34       128         0         0         0         0         0         0         0
   283/399    0.365G      0.19      1.09    0.0799      1.37   0.00849        34       128         0         0         0         0         0         0         0
   284/399    0.365G     0.189      1.09    0.0798      1.37   0.00988        34       128         0         0         0         0         0         0         0
   285/399    0.365G     0.202      1.17    0.0808      1.47    0.0117        34       128         0         0         0         0         0         0         0
   286/399    0.365G      0.21      1.21    0.0811      1.51    0.0117        34       128         0         0         0         0         0         0         0
   287/399    0.365G     0.204      1.15    0.0803      1.45   0.00891        34       128         0         0         0         0         0         0         0
   288/399    0.365G     0.203      1.15    0.0802      1.44   0.00964        34       128         0         0         0         0         0         0         0
   289/399    0.365G     0.196      1.12    0.0799      1.41   0.00908        34       128         0         0         0         0         0         0         0
   290/399    0.365G      0.19      1.09    0.0794      1.37   0.00859        34       128         0         0         0         0         0         0         0
   291/399    0.365G     0.179      1.05    0.0791      1.32   0.00712        34       128         0         0         0         0         0         0         0
   292/399    0.365G     0.173      1.03    0.0788      1.29   0.00646        34       128         0         0         0         0         0         0         0
   293/399    0.365G     0.169      1.01    0.0787      1.27   0.00563        34       128         0         0         0         0         0         0         0
   294/399    0.365G     0.166         1    0.0787      1.25   0.00557        34       128         0         0         0         0         0         0         0
   295/399    0.365G     0.163     0.998    0.0785      1.24   0.00574        34       128         0         0         0         0         0         0         0
   296/399    0.365G      0.16     0.989    0.0785      1.23   0.00512        34       128         0         0         0         0         0         0         0
   297/399    0.365G     0.156     0.973    0.0783      1.21   0.00511        34       128         0         0         0         0         0         0         0
   298/399    0.365G     0.154     0.971    0.0783      1.21   0.00528        34       128         0         0         0         0         0         0         0
   299/399    0.365G     0.156      0.97    0.0782      1.21   0.00535        34       128         0         0         0         0         0         0         0
   300/399    0.365G     0.151     0.956    0.0781      1.19   0.00478        34       128         0         0         0         0         0         0         0
   301/399    0.365G     0.148     0.949     0.078      1.18   0.00516        34       128         0         0         0         0         0         0         0
   302/399    0.365G     0.148     0.948    0.0779      1.18   0.00541        34       128         0         0         0         0         0         0         0
   303/399    0.365G     0.148      0.95    0.0779      1.18   0.00545        34       128         0         0         0         0         0         0         0
   304/399    0.365G     0.148     0.947    0.0779      1.18   0.00473        34       128         0         0         0         0         0         0         0
   305/399    0.365G     0.143     0.936    0.0779      1.16   0.00485        34       128         0         0         0         0         0         0         0
   306/399    0.365G     0.143     0.927    0.0777      1.15   0.00427        34       128         0         0         0         0         0         0         0
   307/399    0.365G     0.142     0.929    0.0778      1.15    0.0045        34       128         0         0         0         0         0         0         0
   308/399    0.365G     0.142     0.929    0.0779      1.15   0.00467        34       128         0         0         0         0         0         0         0
   309/399    0.365G      0.14     0.921    0.0774      1.14   0.00442        34       128         0         0         0         0         0         0         0
   310/399    0.365G     0.137     0.912    0.0775      1.13   0.00416        34       128         0         0         0         0         0         0         0
   311/399    0.365G     0.136     0.907    0.0774      1.12   0.00408        34       128         0         0         0         0         0         0         0
   312/399    0.365G     0.135     0.903    0.0774      1.12   0.00406        34       128         0         0         0         0         0         0         0
   313/399    0.365G     0.136     0.907    0.0773      1.12    0.0039        34       128         0         0         0         0         0         0         0
   314/399    0.365G     0.135       0.9    0.0771      1.12   0.00426        34       128         0         0         0         0         0         0         0
   315/399    0.365G     0.134     0.898    0.0772      1.11   0.00383        34       128         0         0         0         0         0         0         0
   316/399    0.365G     0.133     0.895    0.0772      1.11   0.00376        34       128         0         0         0         0         0         0         0
   317/399    0.365G     0.131     0.893    0.0772      1.11   0.00392        34       128         0         0         0         0         0         0         0
   318/399    0.365G      0.13     0.891    0.0772       1.1   0.00408        34       128         0         0         0         0         0         0         0
   319/399    0.365G     0.131     0.892    0.0772       1.1   0.00372        34       128         0         0         0         0         0         0         0
   320/399    0.365G     0.129     0.887    0.0771       1.1   0.00334        34       128         0         0         0         0         0         0         0
   321/399    0.365G     0.129     0.884     0.077      1.09   0.00351        34       128         0         0         0         0         0         0         0
   322/399    0.365G     0.127     0.876    0.0768      1.08   0.00325        34       128         0         0         0         0         0         0         0
   323/399    0.365G     0.125     0.873    0.0769      1.08   0.00335        34       128         0         0         0         0         0         0         0
   324/399    0.365G     0.125     0.872    0.0768      1.08   0.00315        34       128         0         0         0         0         0         0         0
   325/399    0.365G     0.125     0.868    0.0767      1.07   0.00323        34       128         0         0         0         0         0         0         0
   326/399    0.365G     0.123     0.864    0.0766      1.07   0.00327        34       128         0         0         0         0         0         0         0
   327/399    0.365G     0.123     0.862    0.0767      1.06    0.0031        34       128         0         0         0         0         0         0         0
   328/399    0.365G     0.122     0.856    0.0764      1.06    0.0033        34       128         0         0         0         0         0         0         0
   329/399    0.365G     0.121     0.857    0.0767      1.06   0.00287        34       128         0         0         0         0         0         0         0
   330/399    0.365G     0.121     0.855    0.0765      1.06   0.00301        34       128         0         0         0         0         0         0         0
   331/399    0.365G     0.121     0.854    0.0766      1.05   0.00295        34       128         0         0         0         0         0         0         0
   332/399    0.365G      0.12      0.85    0.0763      1.05   0.00295        34       128         0         0         0         0         0         0         0
   333/399    0.365G      0.12     0.851    0.0764      1.05   0.00319        34       128         0         0         0         0         0         0         0
   334/399    0.365G     0.119     0.848    0.0763      1.05   0.00287        34       128         0         0         0         0         0         0         0
   335/399    0.365G     0.118     0.844    0.0762      1.04   0.00263        34       128         0         0         0         0         0         0         0
   336/399    0.365G     0.116      0.84    0.0763      1.04   0.00299        34       128         0         0         0         0         0         0         0
   337/399    0.365G     0.116      0.84    0.0763      1.04   0.00256        34       128         0         0         0         0         0         0         0
   338/399    0.365G     0.116     0.841    0.0764      1.04   0.00268        34       128         0         0         0         0         0         0         0
   339/399    0.365G     0.116     0.836    0.0761      1.03   0.00264        34       128         0         0         0         0         0         0         0
   340/399    0.365G     0.113     0.829    0.0761      1.02   0.00256        34       128         0         0         0         0         0         0         0
   341/399    0.365G     0.113     0.827    0.0761      1.02   0.00241        34       128         0         0         0         0         0         0         0
   342/399    0.365G     0.116     0.836    0.0761      1.03   0.00235        34       128         0         0         0         0         0         0         0
   343/399    0.365G     0.114     0.829     0.076      1.02   0.00234        34       128         0         0         0         0         0         0         0
   344/399    0.365G     0.112     0.826     0.076      1.02    0.0023        34       128         0         0         0         0         0         0         0
   345/399    0.365G     0.112     0.824     0.076      1.01   0.00235        34       128         0         0         0         0         0         0         0
   346/399    0.365G     0.111     0.821    0.0759      1.01   0.00229        34       128         0         0         0         0         0         0         0
   347/399    0.365G      0.11     0.816    0.0759         1   0.00211        34       128         0         0         0         0         0         0         0
   348/399    0.365G     0.109     0.812    0.0759     0.999   0.00217        34       128         0         0         0         0         0         0         0
   349/399    0.365G     0.109     0.811    0.0758     0.997   0.00203        34       128         0         0         0         0         0         0         0
   350/399    0.365G     0.107     0.806    0.0758     0.992   0.00222        34       128         0         0         0         0         0         0         0
   351/399    0.365G     0.107     0.804    0.0758     0.989   0.00233        34       128         0         0         0         0         0         0         0
   352/399    0.365G     0.107     0.806    0.0757     0.991   0.00205        34       128         0         0         0         0         0         0         0
   353/399    0.365G     0.107     0.808    0.0758     0.994   0.00216        34       128         0         0         0         0         0         0         0
   354/399    0.365G     0.107     0.807    0.0758     0.992   0.00207        34       128         0         0         0         0         0         0         0
   355/399    0.365G     0.106       0.8    0.0756     0.984   0.00219        34       128         0         0         0         0         0         0         0
   356/399    0.365G     0.106     0.801    0.0755     0.984   0.00197        34       128         0         0         0         0         0         0         0
   357/399    0.365G     0.105     0.798    0.0756      0.98   0.00197        34       128         0         0         0         0         0         0         0
   358/399    0.365G     0.104     0.796    0.0756     0.977   0.00187        34       128         0         0         0         0         0         0         0
   359/399    0.365G     0.104     0.796    0.0757     0.978    0.0021        34       128         0         0         0         0         0         0         0
   360/399    0.365G     0.104     0.797    0.0756     0.979   0.00199        34       128         0         0         0         0         0         0         0
   361/399    0.365G     0.103     0.793    0.0756     0.974   0.00178        34       128         0         0         0         0         0         0         0
   362/399    0.365G     0.102     0.789    0.0755     0.968   0.00193        34       128         0         0         0         0         0         0         0
   363/399    0.365G     0.105     0.798    0.0756     0.981   0.00178        34       128         0         0         0         0         0         0         0
   364/399    0.365G     0.102     0.786    0.0754     0.965   0.00184        34       128         0         0         0         0         0         0         0
   365/399    0.365G     0.102     0.788    0.0754     0.967   0.00172        34       128         0         0         0         0         0         0         0
   366/399    0.365G    0.0998      0.78    0.0753     0.957   0.00168        34       128         0         0         0         0         0         0         0
   367/399    0.365G     0.101     0.784    0.0754     0.962   0.00166        34       128         0         0         0         0         0         0         0
   368/399    0.365G     0.101     0.784    0.0754     0.962   0.00176        34       128         0         0         0         0         0         0         0
   369/399    0.365G       0.1      0.78    0.0755     0.957   0.00173        34       128         0         0         0         0         0         0         0
   370/399    0.365G    0.0999     0.778    0.0754     0.955   0.00176        34       128         0         0         0         0         0         0         0
   371/399    0.365G    0.0984     0.774    0.0751      0.95   0.00175        34       128         0         0         0         0         0         0         0
   372/399    0.365G     0.099     0.776    0.0753     0.952   0.00161        34       128         0         0         0         0         0         0         0
   373/399    0.365G    0.0988     0.776    0.0752     0.952   0.00159        34       128         0         0         0         0         0         0         0
   374/399    0.365G    0.0988     0.777    0.0754     0.952   0.00156        34       128         0         0         0         0         0         0         0
   375/399    0.365G    0.0972     0.773    0.0754     0.947   0.00148        34       128         0         0         0         0         0         0         0
   376/399    0.365G    0.0975     0.773    0.0753     0.948   0.00169        34       128         0         0         0         0         0         0         0
   377/399    0.365G    0.0973     0.772    0.0753     0.946   0.00156        34       128         0         0         0         0         0         0         0
   378/399    0.365G    0.0974      0.77    0.0753     0.944   0.00157        34       128         0         0         0         0         0         0         0
   379/399    0.365G     0.096     0.768    0.0752     0.941   0.00163        34       128         0         0         0         0         0         0         0
   380/399    0.365G    0.0959     0.766    0.0752     0.939   0.00159        34       128         0         0         0         0         0         0         0
   381/399    0.365G    0.0948     0.761    0.0751     0.932   0.00141        34       128         0         0         0         0         0         0         0
   382/399    0.365G    0.0954     0.765    0.0752     0.938   0.00149        34       128         0         0         0         0         0         0         0
   383/399    0.365G    0.0951     0.764    0.0751     0.936   0.00163        34       128         0         0         0         0         0         0         0
   384/399    0.365G    0.0953     0.762    0.0749     0.934   0.00142        34       128         0         0         0         0         0         0         0
   385/399    0.365G    0.0969      0.77    0.0753     0.944   0.00172        34       128         0         0         0         0         0         0         0
   386/399    0.365G    0.0949     0.761     0.075     0.933    0.0016        34       128         0         0         0         0         0         0         0
   387/399    0.365G     0.094     0.757    0.0749     0.928   0.00154        34       128         0         0         0         0         0         0         0
   388/399    0.365G    0.0938     0.756     0.075     0.927   0.00147        34       128         0         0         0         0         0         0         0
   389/399    0.365G    0.0941      0.76    0.0751     0.931   0.00147        34       128         0         0         0         0         0         0         0
   390/399    0.365G    0.0933     0.754    0.0749     0.924   0.00151        34       128         0         0         0         0         0         0         0
   391/399    0.365G    0.0943     0.758    0.0749     0.928   0.00136        34       128         0         0         0         0         0         0         0
   392/399    0.365G    0.0925     0.751    0.0749     0.919    0.0014        34       128         0         0         0         0         0         0         0
   393/399    0.365G    0.0921      0.75    0.0748     0.918   0.00143        34       128         0         0         0         0         0         0         0
   394/399    0.365G    0.0924     0.753    0.0748     0.921    0.0014        34       128         0         0         0         0         0         0         0
   395/399    0.365G    0.0928     0.753    0.0749     0.922   0.00135        34       128         0         0         0         0         0         0         0
   396/399    0.365G    0.0931     0.753    0.0748     0.923   0.00137        34       128         0         0         0         0         0         0         0
   397/399    0.365G    0.0923     0.752     0.075     0.921   0.00125        34       128         0         0         0         0         0         0         0
   398/399    0.365G    0.0915     0.748    0.0748     0.916   0.00144        34       128         0         0         0         0         0         0         0
   399/399    0.365G    0.0919     0.749    0.0748     0.917   0.00149        34       128         0         0         0         0         0         0         0
